# Time [sec]	adc_raw[0]	adc_raw[1]	adc_raw[2]	adc_raw[3]	adc_raw[4]	adc_raw[6]
------------	----------	----------	----------	----------	----------	----------
84	2101	1996	2112	37471531	536871334	335814656
84.016	2102	1999	2111	37471531	536871336	335814656
84.031	2100	2000	2110	37471531	536871336	335814656
84.047	2102	2001	2108	37471531	536871336	335814656
84.063	2102	1999	2103	37471531	536871336	335814656
84.078	2106	2000	2104	37471531	536871336	335814656
84.094	2107	2003	2103	37471531	536871336	335814656
84.109	2108	2000	2100	37471531	536871336	335814656
84.125	2103	1999	2100	37471531	536871336	335814656
84.141	2108	1999	2100	37471531	536871336	335814656
84.156	2106	1999	2098	37471531	536871336	335814656
84.172	2106	2000	2097	37471531	536871336	335814656
84.188	2103	1999	2094	37471531	536871336	335814656
84.203	2107	1997	2095	37471531	536871336	335814656
84.219	2107	1998	2090	37471531	536871336	335814656
84.234	2105	1999	2088	37471531	536871336	335814656
84.25	2108	1999	2091	37471531	536871336	335814656
84.266	2109	1998	2089	37471531	536871336	335814656
84.281	2109	2000	2084	37471531	536871336	335814656
84.297	2116	2000	2084	37471531	536871336	335814656
84.313	2113	1999	2084	37471531	536871336	335814656
84.328	2115	1999	2082	37471531	536871336	335814656
84.344	2108	2001	2081	37471531	536871336	335814656
84.359	2113	1999	2079	37471531	536871336	335814656
84.375	2112	2001	2076	37471531	536871336	335814656
84.391	2110	2000	2075	37471531	536871336	335814656
84.406	2115	2000	2075	37471531	536871336	335814656
84.422	2116	2000	2072	37471531	536871336	335814656
84.438	2115	1998	2071	37471531	536871336	335814656
84.453	2110	1997	2069	37471531	536871336	335814656
84.469	2116	1999	2069	37471531	536871336	335814656
84.484	2112	1999	2067	37471531	536871336	335814656
84.5	2113	2002	2065	37471531	536871336	335814656
84.516	2118	2001	2066	37471531	536871336	335814656
84.531	2115	2000	2063	37471531	536871336	335814656
84.547	2119	2005	2059	37471531	536871336	335814656
84.563	2117	1998	2061	37471531	536871336	335814656
84.578	2126	1997	2060	37471531	536871336	335814656
84.594	2119	2001	2057	37471531	536871336	335814656
84.609	2125	2002	2057	37471531	536871336	335814656
84.625	2113	2004	2055	71025963	536870932	335814656
84.641	2119	2000	2054	71025963	536870932	335814656
84.656	2120	2000	2054	71025963	536870932	335814656
84.672	2120	2002	2050	71025963	536870932	335814656
84.688	2120	2000	2049	71025963	536870932	335814656
84.703	2121	2004	2045	71025963	536870932	335814656
84.719	2123	2000	2047	71025963	536870932	335814656
84.734	2127	2001	2042	71025963	536870932	335814656
84.75	2121	2000	2042	71025963	536870932	335814656
84.766	2131	2001	2039	71025963	536870932	335814656
84.781	2124	2002	2040	71025963	536870932	335814656
84.797	2122	2003	2036	71025963	536870932	335814656
84.813	2121	2001	2036	71025963	536870932	335814656
84.828	2124	2002	2033	71025963	536870932	335814656
84.844	2122	2001	2036	71025963	536870932	335814656
84.859	2124	2001	2034	71025963	536870932	335814656
84.875	2123	2001	2035	71025963	536870932	335814656
84.891	2121	2001	2034	71025963	536870932	335814656
84.906	2123	2001	2030	71025963	536870932	335814656
84.922	2124	2002	2028	71025963	536870932	335814656
84.938	2120	2002	2028	71025963	536870932	335814656
84.953	2128	2002	2026	20694315	536880094	335814656
84.969	2123	2001	2025	71025963	536879648	335814656
84.984	2128	2001	2025	71025963	536879648	335814656
85	2129	2000	2026	37471531	536871334	335814656
85.016	2127	2001	2023	37471531	536871336	335814656
85.031	2125	2001	2021	37471531	536871336	335814656
85.047	2123	2008	2019	37471531	536871336	335814656
85.063	2137	2003	2021	37471531	536871336	335814656
85.078	2128	2004	2019	37471531	536871336	335814656
85.094	2140	2004	2019	37471531	536871336	335814656
85.109	2130	2002	2021	37471531	536871336	335814656
85.125	2129	2003	2021	37471531	536871336	335814656
85.141	2132	2004	2020	37471531	536871336	335814656
85.156	2125	2003	2017	37471531	536871336	335814656
85.172	2125	2004	2016	37471531	536871336	335814656
85.188	2128	2004	2016	37471531	536871336	335814656
85.203	2124	2004	2016	37471531	536871336	335814656
85.219	2129	2004	2017	37471531	536871336	335814656
85.234	2124	2002	2016	37471531	536871336	335814656
85.25	2126	2006	2016	37471531	536871336	335814656
85.266	2128	2004	2014	37471531	536871336	335814656
85.281	2131	2004	2018	37471531	536871336	335814656
85.297	2125	2003	2016	37471531	536871336	335814656
85.313	2129	2007	2015	37471531	536871336	335814656
85.328	2130	2003	2017	37471531	536871336	335814656
85.344	2131	2009	2003	37471531	536871336	335814656
85.359	2133	2007	2002	37471531	536871336	335814656
85.375	2132	2006	1999	37471531	536871336	335814656
85.391	2131	2004	1997	37471531	536871336	335814656
85.406	2131	2006	1998	37471531	536871336	335814656
85.422	2142	2015	1998	37471531	536871336	335814656
85.438	2131	2009	2000	37471531	536871336	335814656
85.453	2133	2008	2001	37471531	536871336	335814656
85.469	2128	2007	1997	37471531	536871336	335814656
85.484	2128	2010	1997	37471531	536871336	335814656
85.5	2142	2008	1998	37471531	536871336	335814656
85.516	2131	2008	1999	37471531	536871336	335814656
85.531	2128	2008	1993	37471531	536871336	335814656
85.547	2133	2008	2000	37471531	536871336	335814656
85.563	2131	2009	1998	37471531	536871336	335814656
85.578	2131	2007	1996	37471531	536871336	335814656
85.594	2135	2014	1995	37471531	536871336	335814656
85.609	2129	2007	1993	37471531	536871336	335814656
85.625	2148	2006	1994	71025963	536870932	335814656
85.641	2133	2014	1994	71025963	536870932	335814656
85.656	2129	2008	1995	71025963	536870932	335814656
85.672	2133	2009	1995	71025963	536870932	335814656
85.688	2129	2007	1992	71025963	536870932	335814656
85.703	2132	2009	1992	71025963	536870932	335814656
85.719	2132	2010	1993	71025963	536870932	335814656
85.734	2137	2011	1991	71025963	536870932	335814656
85.75	2144	2008	1989	71025963	536870932	335814656
85.766	2134	2011	1992	71025963	536870932	335814656
85.781	2139	2010	1991	71025963	536870932	335814656
85.797	2129	2016	1988	71025963	536870932	335814656
85.813	2132	2011	1988	71025963	536870932	335814656
85.828	2129	2011	1989	71025963	536870932	335814656
85.844	2129	2014	1986	71025963	536870932	335814656
85.859	2128	2015	1985	71025963	536870932	335814656
85.875	2144	2013	1986	71025963	536870932	335814656
85.891	2131	2013	1988	71025963	536870932	335814656
85.906	2144	2014	1984	71025963	536870932	335814656
85.922	2129	2012	1986	71025963	536870932	335814656
85.938	2144	2014	1984	71025963	536870932	335814656
85.953	2131	2013	1985	20694315	536880094	335814656
85.969	2129	2013	1981	71025963	536879648	335814656
85.984	2131	2017	1981	71025963	536879648	335814656
86	2132	2017	1980	37471531	536871334	335814656
86.016	2132	2018	1976	37471531	536871336	335814656
86.031	2141	2016	1979	37471531	536871336	335814656
86.047	2129	2017	1975	37471531	536871336	335814656
86.063	2132	2019	1972	37471531	536871336	335814656
86.078	2133	2019	1976	37471531	536871336	335814656
86.094	2131	2018	1974	37471531	536871336	335814656
86.109	2133	2022	1971	37471531	536871336	335814656
86.125	2139	2019	1970	37471531	536871336	335814656
86.141	2133	2017	1971	37471531	536871336	335814656
86.156	2133	2021	1971	37471531	536871336	335814656
86.172	2135	2022	1971	37471531	536871336	335814656
86.188	2132	2024	1968	37471531	536871336	335814656
86.203	2130	2023	1967	37471531	536871336	335814656
86.219	2130	2023	1964	37471531	536871336	335814656
86.234	2135	2030	1963	37471531	536871336	335814656
86.25	2138	2026	1962	37471531	536871336	335814656
86.266	2131	2024	1962	37471531	536871336	335814656
86.281	2135	2025	1962	37471531	536871336	335814656
86.297	2128	2026	1958	37471531	536871336	335814656
86.313	2132	2028	1957	37471531	536871336	335814656
86.328	2130	2030	1959	37471531	536871336	335814656
86.344	2132	2026	1958	37471531	536871336	335814656
86.359	2131	2027	1956	37471531	536871336	335814656
86.375	2131	2032	1953	37471531	536871336	335814656
86.391	2134	2028	1955	37471531	536871336	335814656
86.406	2129	2029	1949	37471531	536871336	335814656
86.422	2129	2033	1952	37471531	536871336	335814656
86.438	2140	2030	1952	37471531	536871336	335814656
86.453	2131	2031	1951	37471531	536871336	335814656
86.469	2136	2031	1950	37471531	536871336	335814656
86.484	2129	2032	1951	37471531	536871336	335814656
86.5	2129	2033	1948	37471531	536871336	335814656
86.516	2136	2033	1948	37471531	536871336	335814656
86.531	2133	2033	1947	37471531	536871336	335814656
86.547	2129	2034	1943	37471531	536871336	335814656
86.563	2132	2036	1943	37471531	536871336	335814656
86.578	2132	2037	1944	37471531	536871336	335814656
86.594	2141	2035	1945	37471531	536871336	335814656
86.609	2131	2036	1943	37471531	536871336	335814656
86.625	2133	2038	1938	71025963	536870932	335814656
86.641	2130	2039	1935	71025963	536870932	335814656
86.656	2133	2034	1937	71025963	536870932	335814656
86.672	2128	2038	1934	71025963	536870932	335814656
86.688	2135	2039	1937	71025963	536870932	335814656
86.703	2130	2040	1935	71025963	536870932	335814656
86.719	2145	2041	1936	71025963	536870932	335814656
86.734	2128	2040	1936	71025963	536870932	335814656
86.75	2129	2043	1932	71025963	536870932	335814656
86.766	2127	2043	1929	71025963	536870932	335814656
86.781	2135	2041	1931	71025963	536870932	335814656
86.797	2131	2044	1928	71025963	536870932	335814656
86.813	2132	2044	1928	71025963	536870932	335814656
86.828	2128	2044	1927	71025963	536870932	335814656
86.844	2134	2045	1927	71025963	536870932	335814656
86.859	2124	2047	1926	71025963	536870932	335814656
86.875	2131	2044	1928	71025963	536870932	335814656
86.891	2129	2048	1925	71025963	536870932	335814656
86.906	2129	2048	1927	71025963	536870932	335814656
86.922	2129	2047	1921	71025963	536870932	335814656
86.938	2133	2048	1922	71025963	536870932	335814656
86.953	2126	2051	1920	71025963	536879648	335814656
86.969	2131	2049	1922	71025963	536871044	335814656
86.984	2128	2050	1917	71025963	536871044	335814656
87	2132	2054	1919	37471531	536871334	335814656
87.016	2134	2056	1919	37471531	536871336	335814656
87.031	2132	2052	1920	37471531	536871336	335814656
87.047	2127	2055	1918	37471531	536871336	335814656
87.063	2128	2053	1919	37471531	536871336	335814656
87.078	2128	2055	1917	37471531	536871336	335814656
87.094	2133	2054	1918	37471531	536871336	335814656
87.109	2125	2055	1918	37471531	536871336	335814656
87.125	2129	2056	1916	37471531	536871336	335814656
87.141	2132	2056	1911	37471531	536871336	335814656
87.156	2131	2056	1911	37471531	536871336	335814656
87.172	2129	2058	1910	37471531	536871336	335814656
87.188	2129	2056	1911	37471531	536871336	335814656
87.203	2129	2057	1908	37471531	536871336	335814656
87.219	2126	2058	1909	37471531	536871336	335814656
87.234	2128	2058	1909	37471531	536871336	335814656
87.25	2130	2058	1908	37471531	536871336	335814656
87.266	2126	2062	1908	37471531	536871336	335814656
87.281	2127	2059	1910	37471531	536871336	335814656
87.297	2131	2062	1909	37471531	536871336	335814656
87.313	2128	2059	1910	37471531	536871336	335814656
87.328	2138	2060	1910	37471531	536871336	335814656
87.344	2128	2059	1908	37471531	536871336	335814656
87.359	2131	2057	1910	37471531	536871336	335814656
87.375	2125	2061	1908	37471531	536871336	335814656
87.391	2132	2061	1909	37471531	536871336	335814656
87.406	2126	2060	1909	37471531	536871336	335814656
87.422	2126	2061	1909	37471531	536871336	335814656
87.438	2130	2063	1909	37471531	536871336	335814656
87.453	2131	2061	1907	37471531	536871336	335814656
87.469	2127	2063	1910	37471531	536871336	335814656
87.484	2133	2061	1907	37471531	536871336	335814656
87.5	2131	2064	1909	37471531	536871336	335814656
87.516	2125	2062	1908	37471531	536871336	335814656
87.531	2128	2063	1910	37471531	536871336	335814656
87.547	2123	2061	1909	37471531	536871336	335814656
87.563	2124	2064	1908	37471531	536871336	335814656
87.578	2137	2069	1911	37471531	536871336	335814656
87.594	2120	2067	1905	37471531	536871336	335814656
87.609	2128	2067	1908	37471531	536871336	335814656
87.625	2122	2069	1904	71025963	536870932	335814656
87.641	2125	2070	1906	71025963	536870932	335814656
87.656	2123	2072	1905	71025963	536870932	335814656
87.672	2127	2068	1907	71025963	536870932	335814656
87.688	2124	2069	1904	71025963	536870932	335814656
87.703	2132	2070	1903	71025963	536870932	335814656
87.719	2123	2069	1907	71025963	536870932	335814656
87.734	2132	2070	1905	71025963	536870932	335814656
87.75	2124	2070	1904	71025963	536870932	335814656
87.766	2121	2069	1906	71025963	536870932	335814656
87.781	2122	2070	1904	71025963	536870932	335814656
87.797	2123	2072	1905	71025963	536870932	335814656
87.813	2121	2071	1904	71025963	536870932	335814656
87.828	2121	2070	1909	71025963	536870932	335814656
87.844	2124	2071	1904	71025963	536870932	335814656
87.859	2131	2072	1905	71025963	536870932	335814656
87.875	2126	2072	1904	71025963	536870932	335814656
87.891	2130	2073	1904	71025963	536870932	335814656
87.906	2117	2071	1902	71025963	536870932	335814656
87.922	2120	2069	1902	71025963	536870932	335814656
87.938	2120	2071	1905	71025963	536870932	335814656
87.953	2121	2072	1904	20694315	536880094	335814656
87.969	2122	2074	1905	71025963	536879648	335814656
87.984	2120	2072	1901	71025963	536879648	335814656
88	2120	2073	1902	37471531	536871334	335814656
88.016	2121	2073	1905	37471531	536871336	335814656
88.031	2121	2073	1907	37471531	536871336	335814656
88.047	2130	2076	1907	37471531	536871336	335814656
88.063	2119	2075	1908	37471531	536871336	335814656
88.078	2128	2077	1908	37471531	536871336	335814656
88.094	2119	2078	1907	37471531	536871336	335814656
88.109	2119	2075	1908	37471531	536871336	335814656
88.125	2117	2074	1907	37471531	536871336	335814656
88.141	2112	2077	1908	37471531	536871336	335814656
88.156	2121	2075	1907	37471531	536871336	335814656
88.172	2119	2077	1909	37471531	536871336	335814656
88.188	2120	2077	1907	37471531	536871336	335814656
88.203	2116	2076	1904	37471531	536871336	335814656
88.219	2116	2078	1904	37471531	536871336	335814656
88.234	2115	2080	1907	37471531	536871336	335814656
88.25	2119	2080	1911	37471531	536871336	335814656
88.266	2120	2080	1909	37471531	536871336	335814656
88.281	2113	2080	1907	37471531	536871336	335814656
88.297	2115	2081	1908	37471531	536871336	335814656
88.313	2116	2081	1910	37471531	536871336	335814656
88.328	2114	2081	1911	37471531	536871336	335814656
88.344	2115	2081	1911	37471531	536871336	335814656
88.359	2124	2083	1910	37471531	536871336	335814656
88.375	2113	2085	1912	37471531	536871336	335814656
88.391	2116	2084	1909	37471531	536871336	335814656
88.406	2117	2083	1912	37471531	536871336	335814656
88.422	2112	2086	1913	37471531	536871336	335814656
88.438	2119	2088	1914	37471531	536871336	335814656
88.453	2113	2086	1913	37471531	536871336	335814656
88.469	2111	2087	1912	37471531	536871336	335814656
88.484	2112	2089	1911	37471531	536871336	335814656
88.5	2109	2087	1914	37471531	536871336	335814656
88.516	2113	2088	1912	37471531	536871336	335814656
88.531	2109	2088	1915	37471531	536871336	335814656
88.547	2110	2090	1918	37471531	536871336	335814656
88.563	2107	2092	1916	37471531	536871336	335814656
88.578	2110	2091	1916	37471531	536871336	335814656
88.594	2104	2090	1913	37471531	536871336	335814656
88.609	2104	2092	1915	37471531	536871336	335814656
88.625	2105	2094	1916	71025963	536870932	335814656
88.641	2102	2092	1917	71025963	536870932	335814656
88.656	2104	2089	1921	71025963	536870932	335814656
88.672	2103	2090	1924	71025963	536870932	335814656
88.688	2107	2089	1926	71025963	536870932	335814656
88.703	2105	2088	1925	71025963	536870932	335814656
88.719	2104	2092	1922	71025963	536870932	335814656
88.734	2101	2096	1919	71025963	536870932	335814656
88.75	2098	2098	1920	71025963	536870932	335814656
88.766	2099	2102	1919	71025963	536870932	335814656
88.781	2107	2097	1923	71025963	536870932	335814656
88.797	2102	2100	1924	71025963	536870932	335814656
88.813	2100	2099	1924	71025963	536870932	335814656
88.828	2097	2098	1925	71025963	536870932	335814656
88.844	2096	2099	1925	71025963	536870932	335814656
88.859	2099	2103	1926	71025963	536870932	335814656
88.875	2096	2099	1925	71025963	536870932	335814656
88.891	2091	2100	1927	71025963	536870932	335814656
88.906	2099	2101	1929	71025963	536870932	335814656
88.922	2091	2101	1931	71025963	536870932	335814656
88.938	2096	2100	1929	71025963	536870932	335814656
88.953	2092	2100	1932	20694315	536880094	335814656
88.969	2097	2102	1931	71025963	536871044	335814656
88.984	2093	2101	1932	71025963	536871044	335814656
89	2091	2102	1931	37471531	536871334	335814656
89.016	2093	2106	1932	37471531	536871336	335814656
89.031	2092	2103	1932	37471531	536871336	335814656
89.047	2094	2104	1933	37471531	536871336	335814656
89.063	2092	2103	1936	37471531	536871336	335814656
89.078	2091	2104	1935	37471531	536871336	335814656
89.094	2089	2103	1936	37471531	536871336	335814656
89.109	2092	2107	1940	37471531	536871336	335814656
89.125	2090	2105	1938	37471531	536871336	335814656
89.141	2089	2108	1939	37471531	536871336	335814656
89.156	2088	2106	1934	37471531	536871336	335814656
89.172	2088	2108	1937	37471531	536871336	335814656
89.188	2087	2107	1939	37471531	536871336	335814656
89.203	2086	2111	1937	37471531	536871336	335814656
89.219	2087	2108	1942	37471531	536871336	335814656
89.234	2088	2110	1940	37471531	536871336	335814656
89.25	2086	2107	1942	37471531	536871336	335814656
89.266	2085	2106	1941	37471531	536871336	335814656
89.281	2088	2110	1944	37471531	536871336	335814656
89.297	2083	2109	1946	37471531	536871336	335814656
89.313	2084	2110	1944	37471531	536871336	335814656
89.328	2084	2112	1944	37471531	536871336	335814656
89.344	2083	2113	1945	37471531	536871336	335814656
89.359	2083	2111	1943	37471531	536871336	335814656
89.375	2080	2112	1941	37471531	536871336	335814656
89.391	2083	2112	1943	37471531	536871336	335814656
89.406	2079	2112	1941	37471531	536871336	335814656
89.422	2086	2112	1943	37471531	536871336	335814656
89.438	2082	2112	1947	37471531	536871336	335814656
89.453	2083	2117	1947	37471531	536871336	335814656
89.469	2082	2113	1949	37471531	536871336	335814656
89.484	2083	2112	1949	37471531	536871336	335814656
89.5	2081	2111	1947	37471531	536871336	335814656
89.516	2081	2112	1949	37471531	536871336	335814656
89.531	2081	2120	1945	37471531	536871336	335814656
89.547	2080	2115	1948	37471531	536871336	335814656
89.563	2081	2112	1947	37471531	536871336	335814656
89.578	2078	2117	1948	37471531	536871336	335814656
89.594	2081	2112	1950	37471531	536871336	335814656
89.609	2080	2112	1950	37471531	536871336	335814656
89.625	2080	2119	1948	71025963	536870932	335814656
89.641	2080	2115	1951	71025963	536870932	335814656
89.656	2081	2112	1951	71025963	536870932	335814656
89.672	2077	2114	1949	71025963	536870932	335814656
89.688	2080	2114	1949	71025963	536870932	335814656
89.703	2082	2113	1951	71025963	536870932	335814656
89.719	2080	2115	1951	71025963	536870932	335814656
89.734	2080	2114	1951	71025963	536870932	335814656
89.75	2078	2113	1954	71025963	536870932	335814656
89.766	2078	2112	1953	71025963	536870932	335814656
89.781	2077	2112	1954	71025963	536870932	335814656
89.797	2079	2115	1953	71025963	536870932	335814656
89.813	2074	2118	1955	71025963	536870932	335814656
89.828	2070	2114	1962	71025963	536870932	335814656
89.844	2070	2117	1965	71025963	536870932	335814656
89.859	2073	2116	1965	71025963	536870932	335814656
89.875	2074	2117	1964	71025963	536870932	335814656
89.891	2073	2116	1963	71025963	536870932	335814656
89.906	2069	2115	1964	71025963	536870932	335814656
89.922	2073	2117	1966	71025963	536870932	335814656
89.938	2069	2115	1964	71025963	536870932	335814656
89.953	2073	2117	1967	71025963	536871044	335814656
89.969	2070	2118	1966	71025963	536879648	335814656
89.984	2069	2117	1964	71025963	536879648	335814656
90	2071	2118	1967	37471531	536871334	335814656
90.016	2073	2116	1970	37471531	536871336	335814656
90.031	2067	2117	1969	37471531	536871336	335814656
90.047	2068	2115	1968	37471531	536871336	335814656
90.063	2071	2116	1968	37471531	536871336	335814656
90.078	2071	2118	1968	37471531	536871336	335814656
90.094	2072	2116	1971	37471531	536871336	335814656
90.109	2071	2117	1967	37471531	536871336	335814656
90.125	2070	2117	1969	37471531	536871336	335814656
90.141	2069	2121	1971	37471531	536871336	335814656
90.156	2065	2118	1970	37471531	536871336	335814656
90.172	2067	2114	1971	37471531	536871336	335814656
90.188	2067	2119	1974	37471531	536871336	335814656
90.203	2069	2121	1974	37471531	536871336	335814656
90.219	2067	2128	1977	37471531	536871336	335814656
90.234	2065	2120	1975	37471531	536871336	335814656
90.25	2067	2120	1975	37471531	536871336	335814656
90.266	2061	2117	1977	37471531	536871336	335814656
90.281	2060	2117	1980	37471531	536871336	335814656
90.297	2065	2120	1984	37471531	536871336	335814656
90.313	2065	2116	1983	37471531	536871336	335814656
90.328	2060	2119	1984	37471531	536871336	335814656
90.344	2061	2118	1985	37471531	536871336	335814656
90.359	2064	2121	1985	37471531	536871336	335814656
90.375	2063	2121	1989	37471531	536871336	335814656
90.391	2061	2118	1988	37471531	536871336	335814656
90.406	2060	2119	1986	37471531	536871336	335814656
90.422	2062	2126	1988	37471531	536871336	335814656
90.438	2060	2122	1989	37471531	536871336	335814656
90.453	2058	2125	1987	37471531	536871336	335814656
90.469	2061	2116	1991	37471531	536871336	335814656
90.484	2060	2119	1993	37471531	536871336	335814656
90.5	2060	2118	1996	37471531	536871336	335814656
90.516	2060	2118	1996	37471531	536871336	335814656
90.531	2057	2120	1994	37471531	536871336	335814656
90.547	2058	2119	1997	37471531	536871336	335814656
90.563	2059	2120	1998	37471531	536871336	335814656
90.578	2057	2120	1999	37471531	536871336	335814656
90.594	2058	2120	2001	37471531	536871336	335814656
90.609	2059	2117	2005	37471531	536871336	335814656
90.625	2057	2121	2004	71025963	536870932	335814656
90.641	2053	2120	2005	71025963	536870932	335814656
90.656	2052	2122	2006	71025963	536870932	335814656
90.672	2055	2121	2010	71025963	536870932	335814656
90.688	2051	2117	2011	71025963	536870932	335814656
90.703	2051	2117	2013	71025963	536870932	335814656
90.719	2052	2117	2012	71025963	536870932	335814656
90.734	2054	2121	2013	71025963	536870932	335814656
90.75	2051	2120	2012	71025963	536870932	335814656
90.766	2052	2122	2017	71025963	536870932	335814656
90.781	2049	2120	2017	71025963	536870932	335814656
90.797	2049	2116	2022	71025963	536870932	335814656
90.813	2051	2116	2023	71025963	536870932	335814656
90.828	2048	2117	2021	71025963	536870932	335814656
90.844	2047	2117	2025	71025963	536870932	335814656
90.859	2047	2119	2026	71025963	536870932	335814656
90.875	2051	2121	2025	71025963	536870932	335814656
90.891	2046	2119	2028	71025963	536870932	335814656
90.906	2052	2118	2032	71025963	536870932	335814656
90.922	2045	2117	2034	71025963	536870932	335814656
90.938	2045	2122	2031	71025963	536870932	335814656
90.953	2042	2121	2035	20694315	536880094	335814656
90.969	2045	2120	2039	71025963	536871044	335814656
90.984	2044	2118	2037	71025963	536871044	335814656
91	2041	2120	2035	37471531	536871334	335814656
91.016	2044	2122	2041	37471531	536871336	335814656
91.031	2045	2123	2041	37471531	536871336	335814656
91.047	2043	2117	2046	37471531	536871336	335814656
91.063	2043	2120	2043	37471531	536871336	335814656
91.078	2044	2118	2043	37471531	536871336	335814656
91.094	2037	2118	2046	37471531	536871336	335814656
91.109	2038	2118	2045	37471531	536871336	335814656
91.125	2040	2117	2051	37471531	536871336	335814656
91.141	2037	2117	2052	37471531	536871336	335814656
91.156	2034	2117	2055	37471531	536871336	335814656
91.172	2039	2117	2057	37471531	536871336	335814656
91.188	2036	2115	2057	37471531	536871336	335814656
91.203	2036	2118	2060	37471531	536871336	335814656
91.219	2037	2116	2062	37471531	536871336	335814656
91.234	2036	2122	2060	37471531	536871336	335814656
91.25	2032	2122	2064	37471531	536871336	335814656
91.266	2033	2120	2065	37471531	536871336	335814656
91.281	2035	2118	2064	37471531	536871336	335814656
91.297	2035	2117	2069	37471531	536871336	335814656
91.313	2032	2116	2069	37471531	536871336	335814656
91.328	2041	2117	2071	37471531	536871336	335814656
91.344	2033	2116	2072	37471531	536871336	335814656
91.359	2043	2121	2073	37471531	536871336	335814656
91.375	2033	2116	2073	37471531	536871336	335814656
91.391	2028	2118	2076	37471531	536871336	335814656
91.406	2025	2117	2080	37471531	536871336	335814656
91.422	2029	2118	2081	37471531	536871336	335814656
91.438	2029	2116	2083	37471531	536871336	335814656
91.453	2026	2116	2083	37471531	536871336	335814656
91.469	2029	2116	2085	37471531	536871336	335814656
91.484	2030	2117	2087	37471531	536871336	335814656
91.5	2031	2119	2088	37471531	536871336	335814656
91.516	2027	2121	2087	37471531	536871336	335814656
91.531	2028	2116	2086	37471531	536871336	335814656
91.547	2029	2118	2085	37471531	536871336	335814656
91.563	2031	2118	2088	37471531	536871336	335814656
91.578	2028	2116	2087	37471531	536871336	335814656
91.594	2027	2116	2087	37471531	536871336	335814656
91.609	2026	2126	2092	37471531	536871336	335814656
91.625	2024	2125	2090	71025963	536870932	335814656
91.641	2024	2116	2092	71025963	536870932	335814656
91.656	2025	2117	2094	71025963	536870932	335814656
91.672	2036	2116	2096	71025963	536870932	335814656
91.688	2029	2118	2096	71025963	536870932	335814656
91.703	2032	2117	2097	71025963	536870932	335814656
91.719	2026	2117	2101	71025963	536870932	335814656
91.734	2033	2116	2099	71025963	536870932	335814656
91.75	2023	2119	2101	71025963	536870932	335814656
91.766	2025	2115	2100	71025963	536870932	335814656
91.781	2025	2116	2101	71025963	536870932	335814656
91.797	2024	2114	2102	71025963	536870932	335814656
91.813	2023	2122	2106	71025963	536870932	335814656
91.828	2025	2120	2103	71025963	536870932	335814656
91.844	2024	2123	2104	71025963	536870932	335814656
91.859	2032	2112	2101	71025963	536870932	335814656
91.875	2022	2115	2105	71025963	536870932	335814656
91.891	2032	2115	2104	71025963	536870932	335814656
91.906	2023	2117	2103	71025963	536870932	335814656
91.922	2024	2117	2104	71025963	536870932	335814656
91.938	2024	2116	2105	71025963	536870932	335814656
91.953	2025	2113	2109	20694315	536880094	335814656
91.969	2025	2113	2107	71025963	536879648	335814656
91.984	2023	2114	2105	71025963	536879648	335814656
92	2021	2114	2107	37471531	536871334	335814656
92.016	2027	2118	2106	37471531	536871336	335814656
92.031	2024	2116	2108	37471531	536871336	335814656
92.047	2021	2112	2123	37471531	536871336	335814656
92.063	2019	2111	2124	37471531	536871336	335814656
92.078	2019	2109	2123	37471531	536871336	335814656
92.094	2019	2120	2123	37471531	536871336	335814656
92.109	2017	2117	2124	37471531	536871336	335814656
92.125	2018	2112	2122	37471531	536871336	335814656
92.141	2027	2113	2123	37471531	536871336	335814656
92.156	2017	2111	2123	37471531	536871336	335814656
92.172	2019	2110	2124	37471531	536871336	335814656
92.188	2019	2111	2126	37471531	536871336	335814656
92.203	2019	2109	2127	37471531	536871336	335814656
92.219	2015	2112	2127	37471531	536871336	335814656
92.234	2018	2113	2125	37471531	536871336	335814656
92.25	2017	2111	2126	37471531	536871336	335814656
92.266	2031	2111	2126	37471531	536871336	335814656
92.281	2021	2111	2127	37471531	536871336	335814656
92.297	2017	2112	2129	37471531	536871336	335814656
92.313	2019	2109	2128	37471531	536871336	335814656
92.328	2016	2111	2129	37471531	536871336	335814656
92.344	2016	2110	2125	37471531	536871336	335814656
92.359	2020	2115	2129	37471531	536871336	335814656
92.375	2014	2112	2128	37471531	536871336	335814656
92.391	2019	2109	2130	37471531	536871336	335814656
92.406	2017	2109	2130	37471531	536871336	335814656
92.422	2015	2112	2128	37471531	536871336	335814656
92.438	2019	2112	2134	37471531	536871336	335814656
92.453	2016	2112	2132	37471531	536871336	335814656
92.469	2016	2112	2132	37471531	536871336	335814656
92.484	2021	2111	2131	37471531	536871336	335814656
92.5	2016	2107	2132	37471531	536871336	335814656
92.516	2015	2109	2133	37471531	536871336	335814656
92.531	2030	2111	2133	37471531	536871336	335814656
92.547	2015	2108	2135	37471531	536871336	335814656
92.563	2021	2108	2133	37471531	536871336	335814656
92.578	2015	2113	2136	37471531	536871336	335814656
92.594	2021	2107	2138	37471531	536871336	335814656
92.609	2018	2108	2137	37471531	536871336	335814656
92.625	2019	2106	2138	71025963	536870932	335814656
92.641	2018	2108	2140	71025963	536870932	335814656
92.656	2022	2105	2140	71025963	536870932	335814656
92.672	2015	2105	2142	71025963	536870932	335814656
92.688	2019	2105	2144	71025963	536870932	335814656
92.703	2020	2103	2142	71025963	536870932	335814656
92.719	2017	2105	2140	71025963	536870932	335814656
92.734	2020	2106	2143	71025963	536870932	335814656
92.75	2031	2104	2146	71025963	536870932	335814656
92.766	2017	2104	2147	71025963	536870932	335814656
92.781	2017	2100	2149	71025963	536870932	335814656
92.797	2019	2104	2150	71025963	536870932	335814656
92.813	2016	2103	2150	71025963	536870932	335814656
92.828	2017	2100	2149	71025963	536870932	335814656
92.844	2012	2103	2155	71025963	536870932	335814656
92.859	2024	2100	2153	71025963	536870932	335814656
92.875	2020	2102	2156	71025963	536870932	335814656
92.891	2018	2101	2155	71025963	536870932	335814656
92.906	2018	2100	2156	71025963	536870932	335814656
92.922	2016	2100	2158	71025963	536870932	335814656
92.938	2016	2099	2157	71025963	536870932	335814656
92.953	2016	2098	2158	20694315	536880094	335814656
92.969	2015	2100	2158	71025963	536871044	335814656
92.984	2021	2097	2162	71025963	536871044	335814656
93	2016	2097	2158	37471531	536871334	335814656
93.016	2019	2096	2163	37471531	536871336	335814656
93.031	2016	2096	2161	37471531	536871336	335814656
93.047	2015	2099	2165	37471531	536871336	335814656
93.063	2020	2098	2165	37471531	536871336	335814656
93.078	2015	2096	2165	37471531	536871336	335814656
93.094	2019	2098	2169	37471531	536871336	335814656
93.109	2019	2093	2171	37471531	536871336	335814656
93.125	2019	2093	2170	37471531	536871336	335814656
93.141	2020	2095	2168	37471531	536871336	335814656
93.156	2016	2096	2169	37471531	536871336	335814656
93.172	2017	2092	2172	37471531	536871336	335814656
93.188	2017	2094	2170	37471531	536871336	335814656
93.203	2017	2091	2174	37471531	536871336	335814656
93.219	2016	2093	2172	37471531	536871336	335814656
93.234	2021	2092	2178	37471531	536871336	335814656
93.25	2016	2095	2176	37471531	536871336	335814656
93.266	2019	2092	2179	37471531	536871336	335814656
93.281	2020	2090	2178	37471531	536871336	335814656
93.297	2019	2092	2178	37471531	536871336	335814656
93.313	2018	2089	2180	37471531	536871336	335814656
93.328	2019	2088	2179	37471531	536871336	335814656
93.344	2015	2087	2182	37471531	536871336	335814656
93.359	2017	2089	2184	37471531	536871336	335814656
93.375	2029	2088	2184	37471531	536871336	335814656
93.391	2018	2086	2186	37471531	536871336	335814656
93.406	2029	2086	2186	37471531	536871336	335814656
93.422	2019	2085	2187	37471531	536871336	335814656
93.438	2025	2085	2187	37471531	536871336	335814656
93.453	2019	2086	2189	37471531	536871336	335814656
93.469	2020	2085	2188	37471531	536871336	335814656
93.484	2020	2083	2190	37471531	536871336	335814656
93.5	2019	2083	2193	37471531	536871336	335814656
93.516	2018	2081	2195	37471531	536871336	335814656
93.531	2017	2081	2194	37471531	536871336	335814656
93.547	2019	2082	2195	37471531	536871336	335814656
93.563	2017	2080	2192	37471531	536871336	335814656
93.578	2020	2080	2193	37471531	536871336	335814656
93.594	2019	2081	2194	37471531	536871336	335814656
93.609	2020	2079	2191	37471531	536871336	335814656
93.625	2023	2080	2193	71025963	536870932	335814656
93.641	2019	2077	2197	71025963	536870932	335814656
93.656	2022	2077	2198	71025963	536870932	335814656
93.672	2020	2078	2202	71025963	536870932	335814656
93.688	2017	2077	2201	71025963	536870932	335814656
93.703	2032	2074	2203	71025963	536870932	335814656
93.719	2019	2077	2203	71025963	536870932	335814656
93.734	2021	2076	2195	71025963	536870932	335814656
93.75	2018	2078	2203	71025963	536870932	335814656
93.766	2023	2073	2205	71025963	536870932	335814656
93.781	2020	2074	2202	71025963	536870932	335814656
93.797	2021	2074	2204	71025963	536870932	335814656
93.813	2021	2074	2204	71025963	536870932	335814656
93.828	2021	2074	2205	71025963	536870932	335814656
93.844	2024	2073	2205	71025963	536870932	335814656
93.859	2019	2072	2209	71025963	536870932	335814656
93.875	2017	2069	2208	71025963	536870932	335814656
93.891	2020	2072	2211	71025963	536870932	335814656
93.906	2020	2070	2212	71025963	536870932	335814656
93.922	2022	2071	2212	71025963	536870932	335814656
93.938	2019	2071	2211	71025963	536870932	335814656
93.953	2018	2072	2211	20694315	536880094	335814656
93.969	2020	2069	2212	71025963	536879648	335814656
93.984	2021	2071	2212	37471531	536871334	335814656
94	2021	2072	2214	71025963	536871340	335814656
94.016	2022	2069	2213	37471531	536871336	335814656
94.031	2020	2070	2209	37471531	536871336	335814656
94.047	2019	2070	2211	37471531	536871336	335814656
94.063	2020	2070	2214	37471531	536871336	335814656
94.078	2021	2066	2211	37471531	536871336	335814656
94.094	2021	2070	2212	37471531	536871336	335814656
94.109	2021	2071	2212	37471531	536871336	335814656
94.125	2023	2070	2210	37471531	536871336	335814656
94.141	2022	2069	2211	37471531	536871336	335814656
94.156	2023	2068	2213	37471531	536871336	335814656
94.172	2021	2066	2212	37471531	536871336	335814656
94.188	2021	2066	2212	37471531	536871336	335814656
94.203	2022	2067	2212	37471531	536871336	335814656
94.219	2020	2066	2212	37471531	536871336	335814656
94.234	2033	2068	2211	37471531	536871336	335814656
94.25	2022	2067	2214	37471531	536871336	335814656
94.266	2026	2068	2212	37471531	536871336	335814656
94.281	2022	2067	2214	37471531	536871336	335814656
94.297	2029	2065	2214	37471531	536871336	335814656
94.313	2024	2061	2212	37471531	536871336	335814656
94.328	2024	2063	2213	37471531	536871336	335814656
94.344	2025	2062	2216	37471531	536871336	335814656
94.359	2025	2060	2216	37471531	536871336	335814656
94.375	2027	2061	2217	37471531	536871336	335814656
94.391	2025	2060	2215	37471531	536871336	335814656
94.406	2025	2060	2217	37471531	536871336	335814656
94.422	2031	2061	2215	37471531	536871336	335814656
94.438	2024	2062	2216	37471531	536871336	335814656
94.453	2027	2061	2218	37471531	536871336	335814656
94.469	2027	2057	2215	37471531	536871336	335814656
94.484	2027	2060	2215	37471531	536871336	335814656
94.5	2024	2059	2216	37471531	536871336	335814656
94.516	2027	2061	2219	37471531	536871336	335814656
94.531	2028	2060	2216	37471531	536871336	335814656
94.547	2025	2060	2216	37471531	536871336	335814656
94.563	2025	2059	2217	37471531	536871336	335814656
94.578	2030	2059	2218	37471531	536871336	335814656
94.594	2025	2060	2218	37471531	536871336	335814656
94.609	2023	2059	2217	37471531	536871336	335814656
94.625	2025	2058	2216	71025963	536870932	335814656
94.641	2027	2057	2217	71025963	536870932	335814656
94.656	2032	2058	2217	71025963	536870932	335814656
94.672	2027	2056	2219	71025963	536870932	335814656
94.688	2029	2056	2217	71025963	536870932	335814656
94.703	2031	2056	2215	71025963	536870932	335814656
94.719	2028	2055	2212	71025963	536870932	335814656
94.734	2029	2055	2212	71025963	536870932	335814656
94.75	2034	2056	2212	71025963	536870932	335814656
94.766	2032	2053	2215	71025963	536870932	335814656
94.781	2030	2054	2214	71025963	536870932	335814656
94.797	2033	2053	2215	71025963	536870932	335814656
94.813	2043	2054	2214	71025963	536870932	335814656
94.828	2036	2054	2213	71025963	536870932	335814656
94.844	2029	2052	2215	71025963	536870932	335814656
94.859	2030	2052	2215	71025963	536870932	335814656
94.875	2032	2051	2213	71025963	536870932	335814656
94.891	2034	2051	2212	71025963	536870932	335814656
94.906	2033	2052	2215	71025963	536870932	335814656
94.922	2036	2051	2213	71025963	536870932	335814656
94.938	2033	2048	2210	71025963	536870932	335814656
94.953	2035	2050	2208	20694315	536880094	335814656
94.969	2033	2049	2212	71025963	536879648	335814656
94.984	2037	2048	2211	71025963	536879648	335814656
95	2036	2047	2212	37471531	536871334	335814656
95.016	2037	2048	2211	37471531	536871336	335814656
95.031	2035	2046	2212	37471531	536871336	335814656
95.047	2036	2046	2211	37471531	536871336	335814656
95.063	2040	2046	2209	37471531	536871336	335814656
95.078	2040	2045	2213	37471531	536871336	335814656
95.094	2037	2045	2209	37471531	536871336	335814656
95.109	2040	2044	2208	37471531	536871336	335814656
95.125	2040	2042	2206	37471531	536871336	335814656
95.141	2042	2043	2206	37471531	536871336	335814656
95.156	2039	2043	2207	37471531	536871336	335814656
95.172	2039	2038	2207	37471531	536871336	335814656
95.188	2047	2040	2210	37471531	536871336	335814656
95.203	2040	2042	2205	37471531	536871336	335814656
95.219	2043	2037	2207	37471531	536871336	335814656
95.234	2044	2037	2204	37471531	536871336	335814656
95.25	2044	2039	2204	37471531	536871336	335814656
95.266	2041	2037	2204	37471531	536871336	335814656
95.281	2045	2036	2205	37471531	536871336	335814656
95.297	2044	2035	2204	37471531	536871336	335814656
95.313	2049	2036	2204	37471531	536871336	335814656
95.328	2045	2035	2206	37471531	536871336	335814656
95.344	2046	2035	2201	37471531	536871336	335814656
95.359	2049	2036	2201	37471531	536871336	335814656
95.375	2049	2033	2203	37471531	536871336	335814656
95.391	2050	2031	2201	37471531	536871336	335814656
95.406	2051	2032	2202	37471531	536871336	335814656
95.422	2049	2033	2200	37471531	536871336	335814656
95.438	2045	2032	2197	37471531	536871336	335814656
95.453	2047	2032	2199	37471531	536871336	335814656
95.469	2047	2029	2196	37471531	536871336	335814656
95.484	2049	2027	2201	37471531	536871336	335814656
95.5	2050	2028	2196	37471531	536871336	335814656
95.516	2049	2027	2199	37471531	536871336	335814656
95.531	2051	2026	2198	37471531	536871336	335814656
95.547	2056	2029	2196	37471531	536871336	335814656
95.563	2058	2025	2194	37471531	536871336	335814656
95.578	2059	2025	2194	37471531	536871336	335814656
95.594	2055	2025	2195	37471531	536871336	335814656
95.609	2056	2023	2194	37471531	536871336	335814656
95.625	2060	2023	2195	71025963	536870932	335814656
95.641	2057	2024	2194	71025963	536870932	335814656
95.656	2059	2022	2193	71025963	536870932	335814656
95.672	2057	2023	2191	71025963	536870932	335814656
95.688	2060	2023	2188	71025963	536870932	335814656
95.703	2060	2022	2188	71025963	536870932	335814656
95.719	2055	2019	2191	71025963	536870932	335814656
95.734	2064	2021	2190	71025963	536870932	335814656
95.75	2062	2021	2190	71025963	536870932	335814656
95.766	2061	2019	2192	71025963	536870932	335814656
95.781	2059	2017	2189	71025963	536870932	335814656
95.797	2065	2019	2188	71025963	536870932	335814656
95.813	2065	2016	2185	71025963	536870932	335814656
95.828	2065	2018	2186	71025963	536870932	335814656
95.844	2061	2019	2181	71025963	536870932	335814656
95.859	2067	2017	2185	71025963	536870932	335814656
95.875	2068	2017	2181	71025963	536870932	335814656
95.891	2064	2017	2184	71025963	536870932	335814656
95.906	2068	2015	2184	71025963	536870932	335814656
95.922	2067	2017	2183	71025963	536870932	335814656
95.938	2069	2014	2184	71025963	536870932	335814656
95.953	2069	2012	2183	20694315	536880094	335814656
95.969	2068	2013	2180	71025963	536879648	335814656
95.984	2068	2011	2180	71025963	536879648	335814656
96	2068	2014	2176	37471531	536871334	335814656
96.016	2073	2014	2178	37471531	536871336	335814656
96.031	2072	2016	2177	37471531	536871336	335814656
96.047	2068	2013	2177	37471531	536871336	335814656
96.063	2068	2014	2176	37471531	536871336	335814656
96.078	2071	2015	2177	37471531	536871336	335814656
96.094	2074	2018	2177	37471531	536871336	335814656
96.109	2071	2012	2178	37471531	536871336	335814656
96.125	2075	2009	2179	37471531	536871336	335814656
96.141	2075	2009	2179	37471531	536871336	335814656
96.156	2074	2008	2177	37471531	536871336	335814656
96.172	2071	2012	2177	37471531	536871336	335814656
96.188	2076	2009	2179	37471531	536871336	335814656
96.203	2074	2009	2177	37471531	536871336	335814656
96.219	2069	2010	2176	37471531	536871336	335814656
96.234	2072	2009	2176	37471531	536871336	335814656
96.25	2075	2009	2178	37471531	536871336	335814656
96.266	2069	2010	2173	37471531	536871336	335814656
96.281	2073	2014	2175	37471531	536871336	335814656
96.297	2076	2014	2173	37471531	536871336	335814656
96.313	2072	2010	2172	37471531	536871336	335814656
96.328	2076	2008	2173	37471531	536871336	335814656
96.344	2073	2010	2171	37471531	536871336	335814656
96.359	2076	2010	2174	37471531	536871336	335814656
96.375	2072	2007	2172	37471531	536871336	335814656
96.391	2077	2008	2175	37471531	536871336	335814656
96.406	2073	2008	2175	37471531	536871336	335814656
96.422	2073	2008	2171	37471531	536871336	335814656
96.438	2075	2006	2175	37471531	536871336	335814656
96.453	2073	2007	2173	37471531	536871336	335814656
96.469	2074	2007	2172	37471531	536871336	335814656
96.484	2077	2010	2171	37471531	536871336	335814656
96.5	2076	2008	2171	37471531	536871336	335814656
96.516	2076	2011	2165	37471531	536871336	335814656
96.531	2080	2006	2166	37471531	536871336	335814656
96.547	2079	2007	2160	37471531	536871336	335814656
96.563	2080	2004	2158	37471531	536871336	335814656
96.578	2081	2003	2160	37471531	536871336	335814656
96.594	2080	2004	2158	37471531	536871336	335814656
96.609	2084	2003	2159	37471531	536871336	335814656
96.625	2084	2007	2158	71025963	536870932	335814656
96.641	2083	2004	2159	71025963	536870932	335814656
96.656	2081	2003	2159	71025963	536870932	335814656
96.672	2076	2003	2157	71025963	536870932	335814656
96.688	2080	2003	2158	71025963	536870932	335814656
96.703	2083	2004	2159	71025963	536870932	335814656
96.719	2081	2003	2155	71025963	536870932	335814656
96.734	2081	2003	2157	71025963	536870932	335814656
96.75	2083	2004	2155	71025963	536870932	335814656
96.766	2083	2003	2156	71025963	536870932	335814656
96.781	2084	2005	2156	71025963	536870932	335814656
96.797	2083	2007	2154	71025963	536870932	335814656
96.813	2086	2003	2155	71025963	536870932	335814656
96.828	2089	2003	2139	71025963	536870932	335814656
96.844	2085	2007	2153	71025963	536870932	335814656
96.859	2085	2004	2155	71025963	536870932	335814656
96.875	2085	2003	2152	71025963	536870932	335814656
96.891	2087	2003	2151	71025963	536870932	335814656
96.906	2087	2001	2153	71025963	536870932	335814656
96.922	2088	2008	2149	71025963	536870932	335814656
96.938	2086	2001	2149	71025963	536870932	335814656
96.953	2088	2002	2148	20694315	536880094	335814656
96.969	2089	2003	2143	71025963	536879648	335814656
96.984	2088	2002	2144	71025963	536879648	335814656
97	2089	2003	2142	71025963	536871340	335814656
97.016	2092	2001	2142	37471531	536871336	335814656
97.031	2091	2005	2143	37471531	536871336	335814656
97.047	2091	2004	2142	37471531	536871336	335814656
97.063	2089	2006	2140	37471531	536871336	335814656
97.078	2091	2002	2142	37471531	536871336	335814656
97.094	2090	2002	2138	37471531	536871336	335814656
97.109	2091	2000	2139	37471531	536871336	335814656
97.125	2091	2001	2139	37471531	536871336	335814656
97.141	2093	2001	2136	37471531	536871336	335814656
97.156	2095	2000	2134	37471531	536871336	335814656
97.172	2092	2001	2129	37471531	536871336	335814656
97.188	2096	2002	2128	37471531	536871336	335814656
97.203	2093	2001	2129	37471531	536871336	335814656
97.219	2095	2002	2128	37471531	536871336	335814656
97.234	2091	2000	2127	37471531	536871336	335814656
97.25	2096	2000	2125	37471531	536871336	335814656
97.266	2093	2002	2124	37471531	536871336	335814656
97.281	2096	1999	2124	37471531	536871336	335814656
97.297	2095	1999	2122	37471531	536871336	335814656
97.313	2099	1997	2123	37471531	536871336	335814656
97.328	2094	2001	2118	37471531	536871336	335814656
97.344	2096	2000	2117	37471531	536871336	335814656
97.359	2097	2000	2115	37471531	536871336	335814656
97.375	2099	2000	2116	37471531	536871336	335814656
97.391	2099	1996	2113	37471531	536871336	335814656
97.406	2101	1999	2112	37471531	536871336	335814656
97.422	2102	2001	2110	37471531	536871336	335814656
97.438	2102	1998	2109	37471531	536871336	335814656
97.453	2102	2000	2109	37471531	536871336	335814656
97.469	2105	2001	2110	37471531	536871336	335814656
97.484	2099	2000	2106	37471531	536871336	335814656
97.5	2104	1997	2102	37471531	536871336	335814656
97.516	2104	2000	2104	37471531	536871336	335814656
97.531	2108	1999	2100	37471531	536871336	335814656
97.547	2104	1999	2102	37471531	536871336	335814656
97.563	2108	1998	2099	37471531	536871336	335814656
97.578	2104	2000	2097	37471531	536871336	335814656
97.594	2101	2001	2095	37471531	536871336	335814656
97.609	2107	2000	2094	37471531	536871336	335814656
97.625	2109	2000	2088	71025963	536870932	335814656
97.641	2108	1998	2088	71025963	536870932	335814656
97.656	2112	2001	2090	71025963	536870932	335814656
97.672	2109	2002	2088	71025963	536870932	335814656
97.688	2107	1996	2087	71025963	536870932	335814656
97.703	2111	1998	2085	71025963	536870932	335814656
97.719	2112	1998	2085	71025963	536870932	335814656
97.734	2112	1997	2081	71025963	536870932	335814656
97.75	2107	1998	2082	71025963	536870932	335814656
97.766	2119	1998	2081	71025963	536870932	335814656
97.781	2115	2000	2080	71025963	536870932	335814656
97.797	2112	2000	2077	71025963	536870932	335814656
97.813	2113	2000	2074	71025963	536870932	335814656
97.828	2113	2000	2075	71025963	536870932	335814656
97.844	2115	1998	2071	71025963	536870932	335814656
97.859	2114	1999	2071	71025963	536870932	335814656
97.875	2113	1999	2069	71025963	536870932	335814656
97.891	2112	1999	2067	71025963	536870932	335814656
97.906	2115	2004	2067	71025963	536870932	335814656
97.922	2117	2000	2066	71025963	536870932	335814656
97.938	2112	1999	2061	71025963	536870932	335814656
97.953	2128	1999	2064	20694315	536880094	335814656
97.969	2113	1998	2060	71025963	536879648	335814656
97.984	2117	2000	2059	71025963	536879648	335814656
98	2116	1999	2058	37471531	536871334	335814656
98.016	2129	2000	2059	37471531	536871336	335814656
98.031	2119	2001	2055	37471531	536871336	335814656
98.047	2126	2001	2054	37471531	536871336	335814656
98.063	2117	1999	2054	37471531	536871336	335814656
98.078	2115	2008	2051	37471531	536871336	335814656
98.094	2118	2002	2052	37471531	536871336	335814656
98.109	2128	2004	2049	37471531	536871336	335814656
98.125	2120	2000	2043	37471531	536871336	335814656
98.141	2121	2000	2043	37471531	536871336	335814656
98.156	2123	2000	2043	37471531	536871336	335814656
98.172	2123	2000	2043	37471531	536871336	335814656
98.188	2121	2000	2040	37471531	536871336	335814656
98.203	2124	2002	2040	37471531	536871336	335814656
98.219	2121	2002	2038	37471531	536871336	335814656
98.234	2124	2002	2037	37471531	536871336	335814656
98.25	2120	2001	2034	37471531	536871336	335814656
98.266	2126	2002	2037	37471531	536871336	335814656
98.281	2131	2004	2035	37471531	536871336	335814656
98.297	2121	2005	2029	37471531	536871336	335814656
98.313	2124	2005	2032	37471531	536871336	335814656
98.328	2124	2001	2029	37471531	536871336	335814656
98.344	2125	2002	2029	37471531	536871336	335814656
98.359	2127	2001	2027	37471531	536871336	335814656
98.375	2128	2000	2026	37471531	536871336	335814656
98.391	2123	2000	2027	37471531	536871336	335814656
98.406	2125	2003	2026	37471531	536871336	335814656
98.422	2127	2002	2026	37471531	536871336	335814656
98.438	2132	2001	2022	37471531	536871336	335814656
98.453	2124	2002	2021	37471531	536871336	335814656
98.469	2129	2002	2023	37471531	536871336	335814656
98.484	2128	2001	2023	37471531	536871336	335814656
98.5	2129	2003	2022	37471531	536871336	335814656
98.516	2129	2004	2019	37471531	536871336	335814656
98.531	2126	2003	2020	37471531	536871336	335814656
98.547	2127	2001	2021	37471531	536871336	335814656
98.563	2126	2001	2018	37471531	536871336	335814656
98.578	2139	2011	2019	37471531	536871336	335814656
98.594	2130	2008	2017	37471531	536871336	335814656
98.609	2125	2008	2018	37471531	536871336	335814656
98.625	2126	2003	2017	71025963	536870932	335814656
98.641	2131	2003	2017	71025963	536870932	335814656
98.656	2124	2005	2014	71025963	536870932	335814656
98.672	2137	2003	2015	71025963	536870932	335814656
98.688	2124	2005	2015	71025963	536870932	335814656
98.703	2129	2006	2015	71025963	536870932	335814656
98.719	2129	2005	2017	71025963	536870932	335814656
98.734	2128	2003	2015	71025963	536870932	335814656
98.75	2129	2004	2016	71025963	536870932	335814656
98.766	2138	2006	2001	71025963	536870932	335814656
98.781	2132	2007	2001	71025963	536870932	335814656
98.797	2134	2007	2001	71025963	536870932	335814656
98.813	2129	2008	1999	71025963	536870932	335814656
98.828	2132	2008	1998	71025963	536870932	335814656
98.844	2131	2008	1999	71025963	536870932	335814656
98.859	2131	2009	2001	71025963	536870932	335814656
98.875	2125	2007	1993	71025963	536870932	335814656
98.891	2130	2008	1997	71025963	536870932	335814656
98.906	2126	2007	1996	71025963	536870932	335814656
98.922	2129	2008	1999	71025963	536870932	335814656
98.938	2131	2009	1998	71025963	536870932	335814656
98.953	2130	2008	1996	20694315	536880094	335814656
98.969	2132	2011	1995	71025963	536879648	335814656
98.984	2128	2010	1996	71025963	536879648	335814656
99	2129	2007	1995	37471531	536871334	335814656
99.016	2131	2008	1995	37471531	536871336	335814656
99.031	2132	2014	1996	37471531	536871336	335814656
99.047	2131	2009	1995	37471531	536871336	335814656
99.063	2134	2011	1996	37471531	536871336	335814656
99.078	2132	2010	1993	37471531	536871336	335814656
99.094	2131	2008	1995	37471531	536871336	335814656
99.109	2130	2009	1995	37471531	536871336	335814656
99.125	2128	2009	1992	37471531	536871336	335814656
99.141	2130	2011	1992	37471531	536871336	335814656
99.156	2131	2008	1991	37471531	536871336	335814656
99.172	2131	2010	1988	37471531	536871336	335814656
99.188	2148	2013	1990	37471531	536871336	335814656
99.203	2128	2010	1989	37471531	536871336	335814656
99.219	2126	2012	1988	37471531	536871336	335814656
99.234	2134	2014	1988	37471531	536871336	335814656
99.25	2141	2011	1988	37471531	536871336	335814656
99.266	2132	2011	1988	37471531	536871336	335814656
99.281	2132	2014	1985	37471531	536871336	335814656
99.297	2130	2013	1987	37471531	536871336	335814656
99.313	2136	2016	1985	37471531	536871336	335814656
99.328	2135	2012	1986	37471531	536871336	335814656
99.344	2132	2013	1986	37471531	536871336	335814656
99.359	2134	2015	1984	37471531	536871336	335814656
99.375	2133	2015	1982	37471531	536871336	335814656
99.391	2133	2013	1984	37471531	536871336	335814656
99.406	2134	2015	1982	37471531	536871336	335814656
99.422	2131	2015	1982	37471531	536871336	335814656
99.438	2137	2017	1979	37471531	536871336	335814656
99.453	2129	2016	1975	37471531	536871336	335814656
99.469	2135	2019	1978	37471531	536871336	335814656
99.484	2145	2021	1974	37471531	536871336	335814656
99.5	2135	2019	1973	37471531	536871336	335814656
99.516	2132	2022	1971	37471531	536871336	335814656
99.531	2132	2021	1969	37471531	536871336	335814656
99.547	2131	2021	1972	37471531	536871336	335814656
99.563	2139	2019	1972	37471531	536871336	335814656
99.578	2136	2020	1969	37471531	536871336	335814656
99.594	2131	2025	1969	37471531	536871336	335814656
99.609	2132	2023	1965	37471531	536871336	335814656
99.625	2134	2021	1969	71025963	536870932	335814656
99.641	2127	2023	1967	71025963	536870932	335814656
99.656	2132	2022	1963	71025963	536870932	335814656
99.672	2131	2025	1964	71025963	536870932	335814656
99.688	2145	2024	1962	71025963	536870932	335814656
99.703	2132	2027	1960	71025963	536870932	335814656
99.719	2129	2028	1959	71025963	536870932	335814656
99.734	2129	2027	1958	71025963	536870932	335814656
99.75	2133	2030	1957	71025963	536870932	335814656
99.766	2135	2028	1959	71025963	536870932	335814656
99.781	2133	2028	1955	71025963	536870932	335814656
99.797	2136	2028	1955	71025963	536870932	335814656
99.813	2130	2029	1953	71025963	536870932	335814656
99.828	2132	2031	1952	71025963	536870932	335814656
99.844	2129	2031	1952	71025963	536870932	335814656
99.859	2130	2034	1951	71025963	536870932	335814656
99.875	2132	2032	1950	71025963	536870932	335814656
99.891	2148	2031	1948	71025963	536870932	335814656
99.906	2125	2036	1951	71025963	536870932	335814656
99.922	2129	2033	1945	71025963	536870932	335814656
99.938	2138	2033	1947	71025963	536870932	335814656
99.953	2145	2035	1941	20694315	536880094	335814656
99.969	2132	2037	1942	71025963	536879648	335814656
99.984	2130	2037	1944	71025963	536879648	335814656
100	2131	2037	1942	37471531	536871334	335814656
100.016	2134	2037	1943	37471531	536871336	335814656
100.031	2135	2036	1943	37471531	536871336	335814656
100.047	2131	2036	1939	37471531	536871336	335814656
100.063	2132	2037	1936	37471531	536871336	335814656
100.078	2129	2040	1935	37471531	536871336	335814656
100.094	2140	2042	1933	37471531	536871336	335814656
100.109	2130	2043	1934	37471531	536871336	335814656
100.125	2133	2041	1937	37471531	536871336	335814656
100.141	2128	2044	1935	37471531	536871336	335814656
100.156	2130	2043	1935	37471531	536871336	335814656
100.172	2131	2041	1931	37471531	536871336	335814656
100.188	2144	2043	1928	37471531	536871336	335814656
100.203	2133	2046	1928	37471531	536871336	335814656
100.219	2133	2044	1928	37471531	536871336	335814656
100.234	2134	2046	1929	37471531	536871336	335814656
100.25	2128	2045	1927	37471531	536871336	335814656
100.266	2131	2048	1927	37471531	536871336	335814656
100.281	2126	2047	1925	37471531	536871336	335814656
100.297	2128	2049	1924	37471531	536871336	335814656
100.313	2140	2048	1925	37471531	536871336	335814656
100.328	2128	2047	1923	37471531	536871336	335814656
100.344	2128	2049	1924	37471531	536871336	335814656
100.359	2133	2048	1921	37471531	536871336	335814656
100.375	2131	2050	1918	37471531	536871336	335814656
100.391	2131	2049	1920	37471531	536871336	335814656
100.406	2128	2049	1920	37471531	536871336	335814656
100.422	2125	2051	1920	37471531	536871336	335814656
100.438	2130	2051	1921	37471531	536871336	335814656
100.453	2129	2052	1918	37471531	536871336	335814656
100.469	2129	2054	1915	37471531	536871336	335814656
100.484	2129	2052	1919	37471531	536871336	335814656
100.5	2129	2056	1918	37471531	536871336	335814656
100.516	2129	2056	1919	37471531	536871336	335814656
100.531	2128	2054	1916	37471531	536871336	335814656
100.547	2128	2057	1917	37471531	536871336	335814656
100.563	2130	2057	1912	37471531	536871336	335814656
100.578	2130	2055	1909	37471531	536871336	335814656
100.594	2132	2058	1910	37471531	536871336	335814656
100.609	2128	2057	1909	37471531	536871336	335814656
100.625	2130	2057	1912	71025963	536870932	335814656
100.641	2128	2057	1909	71025963	536870932	335814656
100.656	2128	2058	1908	71025963	536870932	335814656
100.672	2124	2059	1908	71025963	536870932	335814656
100.688	2127	2060	1911	71025963	536870932	335814656
100.703	2128	2060	1909	71025963	536870932	335814656
100.719	2124	2060	1910	71025963	536870932	335814656
100.734	2126	2060	1909	71025963	536870932	335814656
100.75	2127	2061	1910	71025963	536870932	335814656
100.766	2125	2061	1908	71025963	536870932	335814656
100.781	2128	2060	1909	71025963	536870932	335814656
100.797	2127	2061	1909	71025963	536870932	335814656
100.813	2125	2060	1907	71025963	536870932	335814656
100.828	2125	2061	1909	71025963	536870932	335814656
100.844	2129	2060	1911	71025963	536870932	335814656
100.859	2132	2062	1909	71025963	536870932	335814656
100.875	2127	2063	1908	71025963	536870932	335814656
100.891	2124	2061	1908	71025963	536870932	335814656
100.906	2125	2062	1908	71025963	536870932	335814656
100.922	2127	2064	1909	71025963	536870932	335814656
100.938	2129	2064	1910	71025963	536870932	335814656
100.953	2125	2060	1908	20694315	536880094	335814656
100.969	2130	2064	1908	71025963	536879648	335814656
100.984	2125	2066	1908	71025963	536879648	335814656
101	2128	2069	1907	37471531	536871334	335814656
101.016	2128	2068	1907	37471531	536871336	335814656
101.031	2136	2069	1906	37471531	536871336	335814656
101.047	2119	2067	1906	37471531	536871336	335814656
101.063	2127	2069	1907	37471531	536871336	335814656
101.078	2123	2069	1907	37471531	536871336	335814656
101.094	2123	2069	1907	37471531	536871336	335814656
101.109	2125	2068	1905	37471531	536871336	335814656
101.125	2127	2070	1906	37471531	536871336	335814656
101.141	2120	2069	1905	37471531	536871336	335814656
101.156	2127	2069	1905	37471531	536871336	335814656
101.172	2127	2073	1905	37471531	536871336	335814656
101.188	2121	2072	1904	37471531	536871336	335814656
101.203	2121	2069	1905	37471531	536871336	335814656
101.219	2125	2070	1904	37471531	536871336	335814656
101.234	2121	2071	1905	37471531	536871336	335814656
101.25	2121	2071	1903	37471531	536871336	335814656
101.266	2124	2074	1904	37471531	536871336	335814656
101.281	2125	2072	1906	37471531	536871336	335814656
101.297	2120	2073	1904	37471531	536871336	335814656
101.313	2124	2071	1905	37471531	536871336	335814656
101.328	2121	2071	1905	37471531	536871336	335814656
101.344	2124	2074	1906	37471531	536871336	335814656
101.359	2121	2074	1905	37471531	536871336	335814656
101.375	2121	2073	1903	37471531	536871336	335814656
101.391	2124	2075	1900	37471531	536871336	335814656
101.406	2121	2074	1900	37471531	536871336	335814656
101.422	2120	2074	1900	37471531	536871336	335814656
101.438	2124	2073	1903	37471531	536871336	335814656
101.453	2120	2076	1906	37471531	536871336	335814656
101.469	2122	2076	1907	37471531	536871336	335814656
101.484	2117	2075	1909	37471531	536871336	335814656
101.5	2121	2073	1907	37471531	536871336	335814656
101.516	2116	2074	1905	37471531	536871336	335814656
101.531	2127	2075	1910	37471531	536871336	335814656
101.547	2120	2076	1907	37471531	536871336	335814656
101.563	2120	2077	1907	37471531	536871336	335814656
101.578	2115	2076	1908	37471531	536871336	335814656
101.594	2123	2078	1909	37471531	536871336	335814656
101.609	2120	2079	1907	37471531	536871336	335814656
101.625	2118	2078	1905	71025963	536870932	335814656
101.641	2116	2080	1908	71025963	536870932	335814656
101.656	2113	2078	1909	71025963	536870932	335814656
101.672	2116	2079	1910	71025963	536870932	335814656
101.688	2116	2080	1908	71025963	536870932	335814656
101.703	2116	2082	1910	71025963	536870932	335814656
101.719	2112	2080	1906	71025963	536870932	335814656
101.734	2118	2082	1912	71025963	536870932	335814656
101.75	2114	2081	1911	71025963	536870932	335814656
101.766	2112	2082	1912	71025963	536870932	335814656
101.781	2121	2081	1914	71025963	536870932	335814656
101.797	2112	2082	1909	71025963	536870932	335814656
101.813	2118	2085	1913	71025963	536870932	335814656
101.828	2109	2084	1912	71025963	536870932	335814656
101.844	2109	2086	1914	71025963	536870932	335814656
101.859	2113	2087	1912	71025963	536870932	335814656
101.875	2112	2086	1911	71025963	536870932	335814656
101.891	2111	2086	1913	71025963	536870932	335814656
101.906	2112	2086	1914	71025963	536870932	335814656
101.922	2106	2088	1912	71025963	536870932	335814656
101.938	2112	2086	1914	71025963	536870932	335814656
101.953	2107	2086	1915	20694315	536880094	335814656
101.969	2109	2090	1917	71025963	536879648	335814656
101.984	2105	2091	1918	37471531	536871334	335814656
102	2107	2089	1915	71025963	536871340	335814656
102.016	2106	2093	1914	37471531	536871336	335814656
102.031	2109	2093	1916	37471531	536871336	335814656
102.047	2107	2092	1917	37471531	536871336	335814656
102.063	2106	2091	1917	37471531	536871336	335814656
102.078	2106	2093	1923	37471531	536871336	335814656
102.094	2105	2092	1924	37471531	536871336	335814656
102.109	2103	2089	1923	37471531	536871336	335814656
102.125	2106	2090	1925	37471531	536871336	335814656
102.141	2104	2094	1930	37471531	536871336	335814656
102.156	2107	2096	1917	37471531	536871336	335814656
102.172	2104	2095	1920	37471531	536871336	335814656
102.188	2102	2098	1919	37471531	536871336	335814656
102.203	2097	2098	1923	37471531	536871336	335814656
102.219	2099	2097	1925	37471531	536871336	335814656
102.234	2097	2099	1924	37471531	536871336	335814656
102.25	2100	2097	1927	37471531	536871336	335814656
102.266	2097	2096	1928	37471531	536871336	335814656
102.281	2098	2102	1927	37471531	536871336	335814656
102.297	2103	2099	1928	37471531	536871336	335814656
102.313	2095	2102	1928	37471531	536871336	335814656
102.328	2100	2103	1929	37471531	536871336	335814656
102.344	2091	2101	1931	37471531	536871336	335814656
102.359	2094	2102	1930	37471531	536871336	335814656
102.375	2096	2102	1932	37471531	536871336	335814656
102.391	2092	2102	1930	37471531	536871336	335814656
102.406	2091	2100	1931	37471531	536871336	335814656
102.422	2088	2103	1928	37471531	536871336	335814656
102.438	2094	2104	1934	37471531	536871336	335814656
102.453	2096	2110	1934	37471531	536871336	335814656
102.469	2088	2104	1935	37471531	536871336	335814656
102.484	2093	2106	1935	37471531	536871336	335814656
102.5	2091	2105	1938	37471531	536871336	335814656
102.516	2092	2111	1938	37471531	536871336	335814656
102.531	2091	2105	1937	37471531	536871336	335814656
102.547	2085	2106	1940	37471531	536871336	335814656
102.563	2089	2108	1934	37471531	536871336	335814656
102.578	2089	2110	1936	37471531	536871336	335814656
102.594	2088	2107	1937	37471531	536871336	335814656
102.609	2087	2107	1940	37471531	536871336	335814656
102.625	2089	2105	1942	71025963	536870932	335814656
102.641	2085	2109	1939	71025963	536870932	335814656
102.656	2085	2105	1943	71025963	536870932	335814656
102.672	2081	2107	1941	71025963	536870932	335814656
102.688	2087	2107	1945	71025963	536870932	335814656
102.703	2088	2110	1944	71025963	536870932	335814656
102.719	2082	2110	1942	71025963	536870932	335814656
102.734	2085	2110	1944	71025963	536870932	335814656
102.75	2082	2109	1945	71025963	536870932	335814656
102.766	2084	2114	1942	71025963	536870932	335814656
102.781	2084	2112	1941	71025963	536870932	335814656
102.797	2084	2115	1942	71025963	536870932	335814656
102.813	2080	2110	1942	71025963	536870932	335814656
102.828	2081	2118	1942	71025963	536870932	335814656
102.844	2081	2111	1946	71025963	536870932	335814656
102.859	2086	2111	1945	71025963	536870932	335814656
102.875	2083	2111	1947	71025963	536870932	335814656
102.891	2081	2118	1947	71025963	536870932	335814656
102.906	2079	2113	1947	71025963	536870932	335814656
102.922	2083	2112	1947	71025963	536870932	335814656
102.938	2081	2113	1949	71025963	536870932	335814656
