# Time [sec]	c.abc.A	c.abc.B	c.abc.C	duty.A	duty.B	duty.C
------------	-------	-------	-------	------	------	------
0	170	-424	256	926	874	913
0.0001	171	-423	253	926	874	913
0.0002	175	-421	247	926	873	912
0.0003	170	-424	254	926	873	912
0.0004	176	-424	250	926	873	912
0.0005	178	-424	246	926	873	912
0.0006	175	-427	253	926	873	912
0.0007	176	-426	250	926	873	912
0.0008	178	-424	246	926	873	912
0.0009	175	-429	255	926	873	912
0.001	180	-420	240	926	873	912
0.0011	184	-424	242	927	873	912
0.0012	178	-430	254	927	873	912
0.0013	185	-427	243	927	873	912
0.0014	188	-430	244	927	873	912
0.0015	186	-436	250	927	873	912
0.0016	186	-430	244	927	873	912
0.0017	190	-430	242	927	873	912
0.0018	186	-434	248	927	873	912
0.0019	192	-428	238	927	873	911
0.002	191	-433	243	927	873	911
0.0021	189	-435	247	927	873	911
0.0022	194	-430	238	927	873	911
0.0023	197	-429	233	927	873	911
0.0024	202	-434	234	927	873	911
0.0025	198	-430	234	927	873	911
0.0026	201	-429	229	927	873	911
0.0027	197	-431	235	927	873	911
0.0028	200	-430	230	927	873	911
0.0029	206	-430	224	927	873	911
0.003	199	-433	235	927	873	911
0.0031	197	-431	235	927	873	911
0.0032	209	-431	223	927	873	910
0.0033	203	-437	235	927	873	910
0.0034	205	-431	227	927	873	910
0.0035	208	-430	222	927	873	910
0.0036	207	-435	229	927	873	910
0.0037	200	-430	230	927	873	910
0.0038	212	-430	218	927	873	910
0.0039	210	-436	228	927	873	910
0.004	208	-428	220	927	873	910
0.0041	215	-431	217	927	873	910
0.0042	210	-434	226	927	873	910
0.0043	212	-430	218	927	873	910
0.0044	218	-428	212	927	873	910
0.0045	212	-434	222	927	873	910
0.0046	212	-430	220	927	873	910
0.0047	219	-429	211	927	873	910
0.0048	213	-433	221	927	873	909
0.0049	218	-430	214	927	873	909
0.005	224	-428	206	927	873	909
0.0051	219	-435	217	927	873	909
0.0052	219	-429	211	927	873	909
0.0053	225	-429	205	927	873	909
0.0054	218	-430	214	927	873	909
0.0055	225	-429	205	927	873	909
0.0056	224	-430	208	927	873	909
0.0057	224	-432	208	927	873	909
0.0058	220	-432	212	927	873	909
0.0059	230	-430	202	927	873	909
0.006	224	-434	210	927	873	909
0.0061	226	-430	204	927	873	908
0.0062	230	-434	206	927	873	908
0.0063	235	-433	199	927	873	908
0.0064	229	-431	203	927	873	908
0.0065	230	-434	206	927	873	908
0.0066	232	-432	202	927	873	908
0.0067	231	-427	197	927	873	908
0.0068	230	-422	194	927	873	908
0.0069	232	-434	202	927	873	908
0.007	228	-428	202	927	873	908
0.0071	230	-428	200	927	873	908
0.0072	232	-428	198	927	873	908
0.0073	234	-432	198	927	873	908
0.0074	236	-422	188	927	873	907
0.0075	235	-431	197	927	873	907
0.0076	235	-427	193	927	873	907
0.0077	238	-422	186	927	873	907
0.0078	234	-426	194	927	873	907
0.0079	236	-428	192	927	873	907
0.008	240	-424	186	927	873	907
0.0081	240	-422	182	927	873	907
0.0082	244	-426	184	927	873	907
0.0083	244	-424	182	927	873	907
0.0084	242	-420	180	927	873	907
0.0085	234	-422	188	927	873	907
0.0086	244	-420	176	927	873	907
0.0087	243	-423	181	927	873	907
0.0088	241	-425	185	927	873	907
0.0089	248	-426	180	927	873	907
0.009	245	-427	183	927	873	906
0.0091	246	-424	178	927	873	906
0.0092	244	-424	182	927	873	906
0.0093	250	-426	176	927	873	906
0.0094	240	-418	180	927	873	906
0.0095	249	-419	171	927	873	906
0.0096	249	-425	177	927	873	906
0.0097	247	-423	177	927	873	906
0.0098	254	-418	166	927	873	906
0.0099	250	-424	176	927	873	906
0.01	251	-423	173	927	873	906
0.0101	256	-424	168	927	873	906
0.0102	252	-426	174	927	873	906
0.0103	255	-419	165	927	873	905
0.0104	253	-419	167	927	873	905
0.0105	250	-424	174	927	873	905
0.0106	256	-424	168	927	873	905
0.0107	256	-418	162	927	873	905
0.0108	258	-424	166	927	873	905
0.0109	260	-420	162	927	873	905
0.011	264	-418	154	927	873	905
0.0111	264	-422	158	927	873	905
0.0112	260	-422	164	927	873	905
0.0113	262	-422	160	927	873	905
0.0114	261	-419	159	927	873	905
0.0115	261	-421	161	927	873	905
0.0116	266	-420	156	927	873	905
0.0117	260	-424	164	927	873	905
0.0118	267	-421	155	927	873	905
0.0119	266	-416	152	927	873	905
0.012	260	-424	164	927	873	904
0.0121	264	-418	154	927	873	904
0.0122	268	-418	152	927	873	904
0.0123	263	-421	159	927	873	904
0.0124	266	-416	152	927	873	904
0.0125	262	-418	156	927	873	904
0.0126	264	-420	156	927	873	904
0.0127	272	-418	148	927	873	904
0.0128	274	-420	146	927	873	904
0.0129	268	-422	154	927	873	904
0.013	272	-418	146	927	873	904
0.0131	274	-418	144	927	873	904
0.0132	272	-420	150	927	873	903
0.0133	275	-417	143	927	873	903
0.0134	276	-416	142	927	873	903
0.0135	272	-420	148	927	873	903
0.0136	275	-415	141	927	873	903
0.0137	276	-416	140	927	873	903
0.0138	272	-420	148	927	873	903
0.0139	270	-418	150	927	873	903
0.014	280	-414	136	927	873	903
0.0141	276	-418	144	927	873	903
0.0142	275	-417	143	927	873	903
0.0143	283	-415	133	927	873	903
0.0144	279	-409	131	927	873	903
0.0145	280	-416	136	927	873	903
0.0146	285	-409	125	927	873	903
0.0147	286	-420	134	927	873	903
0.0148	280	-416	136	927	873	903
0.0149	282	-412	132	927	873	902
0.015	282	-410	128	927	873	902
0.0151	282	-412	130	927	873	902
0.0152	284	-418	136	927	873	902
0.0153	287	-419	133	927	873	902
0.0154	284	-410	128	927	873	902
0.0155	287	-415	129	927	873	902
0.0156	282	-412	130	927	873	902
0.0157	286	-408	124	927	873	902
0.0158	291	-409	119	927	873	902
0.0159	281	-411	131	927	873	902
0.016	278	-406	130	927	873	902
0.0161	288	-412	124	927	873	902
0.0162	290	-414	126	927	873	901
0.0163	290	-412	122	927	873	901
0.0164	291	-409	119	927	873	901
0.0165	294	-412	120	927	873	901
0.0166	292	-410	118	927	873	901
0.0167	295	-407	113	927	873	901
0.0168	295	-409	115	927	873	901
0.0169	294	-406	114	927	873	901
0.017	296	-406	112	927	873	901
0.0171	291	-411	121	927	873	901
0.0172	293	-405	113	927	873	901
0.0173	297	-405	109	927	873	901
0.0174	301	-411	111	927	873	900
0.0175	296	-408	112	927	873	900
0.0176	302	-408	106	927	873	900
0.0177	292	-408	116	927	873	900
0.0178	291	-407	117	927	873	900
0.0179	300	-406	106	927	873	900
0.018	298	-408	112	927	873	900
0.0181	292	-404	114	927	873	900
0.0182	306	-402	96	927	873	900
0.0183	304	-408	106	927	873	900
0.0184	303	-405	103	927	873	900
0.0185	309	-403	95	927	873	900
0.0186	308	-408	102	927	873	900
0.0187	306	-402	98	927	873	900
0.0188	308	-400	92	927	873	900
0.0189	303	-407	105	927	873	900
0.019	302	-404	104	927	873	900
0.0191	310	-402	92	927	873	899
0.0192	310	-408	98	927	873	899
0.0193	305	-401	97	927	873	899
0.0194	308	-398	92	927	873	899
0.0195	314	-400	88	927	873	899
0.0196	308	-406	100	927	873	899
0.0197	315	-401	87	927	873	899
0.0198	310	-406	98	927	873	899
0.0199	314	-400	88	927	873	899
0.02	318	-404	88	927	873	899
0.0201	312	-408	96	927	873	899
0.0202	313	-401	89	927	873	899
0.0203	318	-398	82	927	873	899
0.0204	313	-403	91	927	873	898
0.0205	316	-400	86	927	873	898
0.0206	320	-398	80	927	873	898
0.0207	313	-403	91	927	873	898
0.0208	318	-400	82	927	873	898
0.0209	322	-398	76	927	873	898
0.021	316	-400	86	927	873	898
0.0211	320	-400	80	927	873	898
0.0212	326	-396	70	927	873	898
0.0213	320	-402	84	927	873	898
0.0214	324	-398	74	927	873	898
0.0215	326	-396	72	927	873	898
0.0216	324	-402	80	927	873	898
0.0217	321	-401	81	927	873	898
0.0218	328	-396	70	927	873	898
0.0219	324	-402	80	927	873	898
0.022	326	-398	72	927	873	897
0.0221	326	-392	66	927	873	897
0.0222	322	-400	78	927	873	897
0.0223	328	-398	70	927	873	897
0.0224	336	-392	56	927	873	897
0.0225	334	-402	70	927	873	897
0.0226	325	-397	73	927	873	897
0.0227	337	-395	59	927	873	897
0.0228	329	-399	71	927	873	897
0.0229	326	-392	66	927	873	897
0.023	336	-394	60	927	873	897
0.0231	330	-396	68	927	873	897
0.0232	333	-391	59	927	873	897
0.0233	337	-393	57	927	873	896
0.0234	330	-396	66	927	873	896
0.0235	338	-394	56	927	873	896
0.0236	342	-390	48	927	873	896
0.0237	338	-394	58	927	873	896
0.0238	338	-392	54	927	873	896
0.0239	343	-389	47	927	873	896
0.024	340	-394	54	927	873	896
0.0241	338	-390	54	927	873	896
0.0242	345	-391	47	927	873	896
0.0243	341	-395	55	927	873	896
0.0244	336	-390	54	927	873	896
0.0245	341	-393	53	927	873	896
0.0246	342	-394	52	927	873	896
0.0247	343	-389	47	927	873	896
0.0248	350	-388	38	927	873	896
0.0249	344	-394	50	927	873	896
0.025	345	-395	51	927	873	895
0.0251	351	-393	43	927	873	895
0.0252	346	-394	48	927	873	895
0.0253	349	-389	41	927	873	895
0.0254	353	-389	37	927	873	895
0.0255	347	-393	47	927	873	895
0.0256	358	-388	30	927	873	895
0.0257	358	-390	34	927	873	895
0.0258	354	-394	42	927	873	895
0.0259	356	-390	34	927	873	895
0.026	360	-390	32	927	873	895
0.0261	361	-387	27	927	873	895
0.0262	354	-390	36	927	873	894
0.0263	362	-390	30	927	873	894
0.0264	358	-388	32	927	873	894
0.0265	356	-386	30	927	873	894
0.0266	351	-385	35	927	873	894
0.0267	356	-392	36	927	873	894
0.0268	359	-387	29	927	873	894
0.0269	352	-384	34	927	873	894
0.027	356	-386	30	927	873	894
0.0271	366	-388	22	927	873	894
0.0272	362	-382	22	927	873	894
0.0273	365	-387	23	927	873	894
0.0274	366	-384	18	927	873	894
0.0275	362	-384	22	927	873	894
0.0276	365	-387	23	927	873	894
0.0277	366	-384	20	927	873	894
0.0278	371	-385	15	927	873	894
0.0279	364	-386	22	927	873	893
0.028	365	-383	19	927	873	893
0.0281	369	-385	17	927	873	893
0.0282	368	-388	22	927	873	893
0.0283	372	-388	16	927	873	893
0.0284	376	-382	8	927	873	893
0.0285	375	-381	7	927	873	893
0.0286	370	-380	12	927	873	893
0.0287	376	-382	6	927	873	893
0.0288	366	-382	16	927	873	893
0.0289	368	-382	16	927	873	893
0.029	380	-386	6	927	873	893
0.0291	376	-386	12	927	873	893
0.0292	376	-382	6	927	873	892
0.0293	376	-382	6	927	873	892
0.0294	374	-380	8	927	873	892
0.0295	379	-383	5	927	873	892
0.0296	382	-382	2	927	873	892
0.0297	377	-383	7	927	873	892
0.0298	381	-381	1	927	873	892
0.0299	380	-378	0	927	873	892
0.03	378	-382	6	927	873	892
0.0301	380	-380	0	927	873	892
0.0302	380	-376	-2	927	873	892
0.0303	376	-384	10	927	873	892
0.0304	379	-379	1	927	873	892
0.0305	384	-380	-2	927	873	892
0.0306	378	-386	8	927	873	892
0.0307	380	-380	0	927	873	892
0.0308	385	-385	1	927	873	891
0.0309	384	-386	2	927	873	891
0.031	384	-382	-2	927	873	891
0.0311	390	-382	-8	927	873	891
0.0312	382	-386	4	927	873	891
0.0313	384	-384	0	927	873	891
0.0314	387	-383	-3	927	873	891
0.0315	380	-386	6	927	873	891
0.0316	377	-385	9	927	873	891
0.0317	386	-380	-4	927	873	891
0.0318	390	-388	0	927	873	891
0.0319	385	-383	-1	927	873	891
0.032	390	-382	-6	927	873	891
0.0321	386	-390	4	927	873	890
0.0322	386	-386	2	927	873	890
0.0323	392	-384	-8	927	873	890
0.0324	393	-391	-1	927	873	890
0.0325	391	-387	-3	927	873	890
0.0326	393	-383	-9	927	873	890
0.0327	388	-390	4	927	873	890
0.0328	395	-389	-5	927	873	890
0.0329	392	-390	-2	927	873	890
0.033	392	-390	-2	927	873	890
0.0331	391	-387	-3	927	873	890
0.0332	396	-386	-10	927	873	890
