# Time [sec]	c.abc.A	c.abc.B	c.abc.C	duty.A	duty.B	duty.C
------------	-------	-------	-------	------	------	------
0	-268	-78	346	896	853	947
0.0001	-273	-91	365	897	853	947
0.0002	-273	-97	371	898	853	947
0.0003	-268	-110	380	899	853	947
0.0004	-269	-113	383	901	853	947
0.0005	-270	-118	388	902	853	947
0.0006	-268	-126	394	903	853	947
0.0007	-261	-131	393	904	853	947
0.0008	-259	-143	403	905	853	947
0.0009	-254	-142	398	907	853	946
0.001	-243	-153	397	908	853	946
0.0011	-238	-162	402	909	854	946
0.0012	-232	-172	404	910	854	946
0.0013	-224	-176	402	911	854	946
0.0014	-219	-185	405	913	854	946
0.0015	-217	-193	411	914	854	946
0.0016	-204	-202	408	915	854	946
0.0017	-199	-215	415	916	854	946
0.0018	-182	-226	410	917	854	946
0.0019	-176	-228	406	919	855	945
0.002	-174	-240	414	920	855	945
0.0021	-160	-250	412	921	855	945
0.0022	-148	-254	404	922	855	945
0.0023	-141	-271	413	923	855	945
0.0024	-136	-270	406	924	855	945
0.0025	-124	-280	406	925	856	944
0.0026	-119	-299	419	926	856	944
0.0027	-107	-299	407	928	856	944
0.0028	-96	-302	400	929	856	944
0.0029	-93	-315	409	930	856	943
0.003	-82	-324	406	931	857	943
0.0031	-73	-331	405	932	857	943
0.0032	-62	-340	402	933	857	942
0.0033	-61	-343	405	934	858	942
0.0034	-42	-346	390	935	858	942
0.0035	-43	-359	403	936	858	942
0.0036	-35	-361	397	937	859	941
0.0037	-23	-367	391	938	859	941
0.0038	-24	-378	402	939	859	941
0.0039	-16	-380	398	940	859	940
0.004	-12	-384	396	941	859	939
0.0041	-9	-391	401	941	859	938
0.0042	-6	-396	402	941	859	937
0.0043	-4	-396	400	942	858	936
0.0044	-13	-403	417	942	858	935
0.0045	-6	-406	412	942	858	934
0.0046	-2	-408	412	942	857	933
0.0047	-2	-420	424	943	857	932
0.0048	-3	-419	423	943	857	931
0.0049	-2	-422	426	943	857	930
0.005	-4	-428	432	943	856	929
0.0051	0	-430	430	944	856	927
0.0052	5	-433	429	944	856	927
0.0053	1	-433	433	944	856	925
0.0054	2	-434	432	944	856	924
0.0055	6	-434	428	945	855	923
0.0056	-2	-436	440	945	855	922
0.0057	2	-438	438	945	855	921
0.0058	10	-436	428	945	855	919
0.0059	5	-433	429	945	855	918
0.006	8	-434	428	945	855	918
0.0061	7	-431	425	946	854	916
0.0062	8	-426	418	946	854	915
0.0063	4	-424	422	946	854	914
0.0064	14	-422	410	946	854	913
0.0065	8	-424	418	946	854	912
0.0066	6	-418	414	946	854	910
0.0067	12	-418	408	946	854	909
0.0068	12	-416	404	946	854	908
0.0069	16	-414	400	946	854	907
0.007	16	-406	390	946	854	906
0.0071	21	-405	385	946	853	904
0.0072	21	-399	379	947	853	903
0.0073	24	-398	376	946	853	902
0.0074	31	-399	369	947	853	901
0.0075	34	-392	360	947	853	900
0.0076	38	-382	346	946	853	899
0.0077	35	-387	353	947	853	897
0.0078	44	-378	334	946	853	896
0.0079	50	-376	328	946	854	895
0.008	54	-376	324	946	854	894
0.0081	50	-372	322	946	854	893
0.0082	59	-367	309	946	854	891
0.0083	62	-368	308	946	854	890
0.0084	65	-365	301	946	854	889
0.0085	74	-356	282	946	854	888
0.0086	72	-356	286	946	854	887
0.0087	71	-351	281	946	854	885
0.0088	91	-351	261	946	854	885
0.0089	90	-346	258	946	854	884
0.009	95	-343	249	945	855	882
0.0091	104	-346	244	945	855	881
0.0092	106	-344	240	945	855	880
0.0093	116	-344	230	945	855	879
0.0094	125	-347	223	945	855	878
0.0095	132	-344	212	945	855	876
0.0096	137	-341	205	944	856	876
0.0097	143	-333	191	944	856	875
0.0098	151	-339	189	944	856	873
0.0099	152	-330	180	944	856	872
0.01	158	-328	170	943	857	871
0.0101	167	-331	165	943	857	870
0.0102	170	-326	158	943	857	869
0.0103	182	-326	144	943	857	868
0.0104	182	-326	144	942	858	867
0.0105	193	-323	131	942	858	865
0.0106	206	-320	116	942	858	864
0.0107	202	-322	120	942	858	864
0.0108	204	-318	114	941	859	862
0.0109	222	-310	90	941	859	861
0.011	220	-314	94	941	859	861
0.0111	227	-317	91	940	860	859
0.0112	241	-311	71	941	861	859
0.0113	243	-313	71	941	862	859
0.0114	251	-311	61	941	863	858
0.0115	260	-316	56	942	864	858
0.0116	258	-314	56	942	865	858
0.0117	273	-313	41	942	866	858
0.0118	271	-315	45	943	868	857
0.0119	284	-318	36	943	868	857
0.012	290	-316	28	943	869	857
0.0121	291	-315	25	943	871	856
0.0122	298	-318	22	944	872	856
0.0123	306	-316	12	944	873	856
0.0124	306	-316	10	944	874	856
0.0125	311	-319	9	944	875	856
0.0126	319	-319	1	945	876	855
0.0127	319	-321	3	945	877	855
0.0128	323	-325	3	945	878	855
0.0129	330	-324	-4	945	880	855
0.013	321	-325	5	945	881	855
0.0131	327	-323	-3	945	882	855
0.0132	329	-321	-7	946	883	854
0.0133	330	-322	-8	946	884	854
0.0134	326	-324	-2	946	885	854
0.0135	328	-312	-14	946	886	854
0.0136	330	-312	-18	946	887	854
0.0137	329	-315	-13	946	889	854
0.0138	326	-308	-18	946	890	854
0.0139	324	-300	-24	946	891	854
0.014	322	-300	-20	946	892	854
0.0141	319	-291	-27	946	893	854
0.0142	317	-287	-29	946	895	853
0.0143	316	-280	-34	946	896	853
0.0144	313	-277	-35	947	897	853
0.0145	314	-272	-42	947	898	853
0.0146	304	-268	-36	947	899	853
0.0147	307	-263	-43	947	901	853
0.0148	308	-258	-48	947	902	853
0.0149	306	-254	-50	947	903	853
0.015	294	-246	-48	946	904	853
0.0151	297	-239	-57	946	905	853
0.0152	290	-236	-52	946	907	854
0.0153	294	-226	-66	946	908	854
0.0154	286	-214	-70	946	909	854
0.0155	288	-214	-74	946	910	854
0.0156	282	-206	-74	946	911	854
0.0157	278	-196	-82	946	913	854
0.0158	274	-192	-80	946	914	854
0.0159	276	-184	-92	946	915	854
0.016	271	-173	-97	946	916	854
0.0161	274	-164	-108	946	917	854
0.0162	270	-156	-112	945	918	855
0.0163	269	-151	-117	945	919	855
0.0164	268	-144	-124	945	920	855
0.0165	267	-131	-135	945	921	855
0.0166	270	-126	-142	945	922	855
0.0167	266	-116	-148	945	923	855
0.0168	268	-114	-154	944	925	856
0.0169	255	-101	-153	944	926	856
0.017	258	-96	-162	944	927	856
0.0171	258	-84	-172	944	928	856
0.0172	260	-76	-184	943	929	856
0.0173	260	-66	-192	943	930	857
0.0174	255	-59	-195	943	931	857
0.0175	257	-51	-205	943	932	857
0.0176	254	-46	-208	942	933	858
0.0177	250	-34	-214	942	934	858
0.0178	255	-31	-223	942	936	858
0.0179	244	-20	-222	941	937	858
0.018	252	-16	-236	941	937	859
0.0181	260	-14	-244	941	939	859
0.0182	253	-11	-241	940	940	859
0.0183	258	-6	-252	940	940	860
0.0184	264	-10	-254	939	941	859
0.0185	260	-6	-254	938	941	859
0.0186	267	-3	-263	937	941	859
0.0187	276	-4	-270	936	942	858
0.0188	275	-5	-269	935	942	858
0.0189	278	-2	-276	933	942	858
0.019	290	-2	-286	932	942	858
0.0191	286	-8	-278	931	943	857
0.0192	287	-3	-283	930	943	857
0.0193	294	2	-294	929	943	857
0.0194	293	-1	-291	928	944	856
0.0195	300	2	-302	927	944	856
0.0196	304	6	-310	926	944	856
0.0197	299	3	-301	925	944	856
0.0198	306	2	-308	924	944	856
0.0199	305	5	-309	922	945	855
0.02	308	2	-308	921	945	855
0.0201	306	8	-312	920	945	855
0.0202	309	11	-319	919	945	855
0.0203	301	5	-305	918	945	855
0.0204	303	11	-313	916	945	855
0.0205	300	18	-316	915	946	854
0.0206	292	12	-302	914	946	854
0.0207	290	20	-308	913	946	854
0.0208	291	21	-311	912	946	854
0.0209	282	20	-300	910	946	854
0.021	282	26	-308	909	946	854
0.0211	278	30	-306	909	946	854
0.0212	262	32	-292	907	946	854
0.0213	266	36	-300	906	946	854
0.0214	268	40	-306	905	946	854
0.0215	256	36	-290	904	946	854
0.0216	252	40	-290	903	946	854
0.0217	251	49	-299	901	946	854
0.0218	238	44	-280	900	946	854
0.0219	236	50	-284	899	946	854
0.022	230	58	-288	898	946	854
0.0221	222	50	-270	897	946	854
0.0222	219	57	-275	895	946	854
0.0223	214	62	-276	894	946	854
0.0224	202	62	-264	893	946	854
0.0225	199	63	-261	892	946	854
0.0226	196	72	-266	891	946	854
0.0227	188	76	-264	890	946	854
0.0228	180	76	-256	888	946	854
0.0229	174	88	-262	887	946	854
0.023	168	84	-252	886	946	854
0.0231	160	96	-256	885	946	854
0.0232	156	104	-260	884	945	854
0.0233	149	107	-255	882	945	855
0.0234	144	110	-252	881	945	855
0.0235	136	120	-256	880	945	855
0.0236	130	122	-250	879	945	855
0.0237	117	135	-251	878	945	855
0.0238	110	142	-252	877	944	856
0.0239	97	149	-245	876	944	856
0.024	92	158	-248	875	944	856
0.0241	90	160	-248	873	944	856
0.0242	80	168	-248	872	944	856
0.0243	72	176	-246	871	943	857
0.0244	62	188	-248	870	943	857
0.0245	54	186	-240	869	943	857
0.0246	46	198	-242	868	942	857
0.0247	44	206	-250	867	942	858
0.0248	29	211	-239	866	942	858
0.0249	30	220	-250	865	942	858
0.025	24	232	-254	864	941	859
0.0251	21	233	-253	862	941	859
0.0252	16	234	-250	861	941	859
0.0253	12	242	-254	861	940	859
0.0254	14	250	-262	860	940	860
0.0255	8	254	-262	859	941	861
0.0256	12	256	-266	859	941	862
0.0257	5	263	-267	859	941	863
0.0258	10	266	-274	858	942	864
0.0259	8	274	-282	858	942	865
0.026	8	276	-282	858	942	866
0.0261	4	282	-286	857	943	867
0.0262	6	294	-298	857	943	868
0.0263	2	296	-296	857	943	869
0.0264	2	302	-304	857	943	871
0.0265	4	310	-314	856	944	872
0.0266	0	314	-312	856	944	873
0.0267	2	320	-320	856	944	874
0.0268	2	328	-330	856	944	875
0.0269	-2	322	-318	855	945	876
0.027	-2	332	-330	855	945	877
0.0271	0	336	-336	855	945	878
0.0272	-7	333	-325	855	945	879
0.0273	-2	338	-336	855	945	880
0.0274	-6	338	-330	855	945	882
0.0275	-6	346	-338	854	945	883
0.0276	-8	342	-332	854	946	884
0.0277	-10	342	-330	854	946	885
0.0278	-10	344	-332	854	946	886
0.0279	-12	336	-324	854	946	887
0.028	-10	340	-328	854	946	888
0.0281	-18	338	-318	854	946	889
0.0282	-19	339	-319	854	946	891
0.0283	-19	337	-317	854	946	892
0.0284	-26	332	-304	854	946	893
0.0285	-24	336	-310	854	946	894
0.0286	-22	332	-310	853	946	895
0.0287	-34	326	-292	853	946	897
0.0288	-33	327	-293	853	947	898
0.0289	-33	327	-293	853	947	899
0.029	-40	322	-280	853	947	900
0.0291	-50	322	-270	853	946	901
0.0292	-42	324	-280	853	946	902
0.0293	-51	313	-261	853	946	904
0.0294	-56	316	-258	853	946	905
0.0295	-59	321	-261	854	946	906
0.0296	-69	311	-241	854	946	907
0.0297	-66	310	-244	854	946	908
0.0298	-72	312	-238	854	946	910
0.0299	-74	304	-228	854	946	911
0.03	-87	309	-221	854	946	912
0.0301	-86	308	-222	854	946	913
0.0302	-104	306	-202	854	946	914
0.0303	-106	306	-200	854	946	916
0.0304	-113	307	-193	854	946	917
0.0305	-123	305	-181	855	945	917
0.0306	-130	308	-178	855	945	919
0.0307	-130	310	-178	855	945	920
0.0308	-146	304	-156	855	945	921
0.0309	-152	308	-154	855	945	922
0.031	-155	307	-151	855	944	923
0.0311	-172	306	-134	856	944	925
0.0312	-172	308	-134	856	944	926
0.0313	-180	314	-134	856	944	927
0.0314	-189	301	-111	856	944	928
0.0315	-200	306	-106	857	943	929
0.0316	-204	310	-106	857	943	930
0.0317	-214	300	-86	857	943	931
0.0318	-224	308	-82	857	943	932
0.0319	-224	310	-84	858	942	933
0.032	-242	312	-68	858	942	934
0.0321	-242	308	-66	858	942	936
0.0322	-252	314	-60	859	941	937
0.0323	-263	309	-45	859	941	937
0.0324	-276	314	-38	859	941	939
0.0325	-273	311	-37	859	940	940
0.0326	-288	316	-26	860	940	940
0.0327	-292	322	-30	859	939	941
0.0328	-304	328	-24	859	938	941
0.0329	-312	328	-14	859	936	941
0.033	-316	332	-14	858	936	942
0.0331	-321	335	-13	858	935	942
0.0332	-328	340	-10	858	933	942
