# Time [sec]	c.abc.A	c.abc.B	c.abc.C	duty.A	duty.B	duty.C
------------	-------	-------	-------	------	------	------
0	-8	-2	10	854	883	945
0.0001	-3	3	1	854	883	945
0.0002	0	4	-2	854	883	945
0.0003	-6	-2	10	854	883	945
0.0004	-4	4	2	854	883	945
0.0005	0	2	-2	854	883	945
0.0006	-3	-5	9	854	883	945
0.0007	0	4	-4	854	883	945
0.0008	0	4	-2	854	883	945
0.0009	-8	0	10	854	883	945
0.001	-5	1	5	854	883	945
0.0011	-1	3	-1	854	883	945
0.0012	2	2	-4	854	883	945
0.0013	-6	4	4	854	883	945
0.0014	1	1	-1	854	883	945
0.0015	-8	-2	10	854	883	945
0.0016	-8	-2	10	854	883	945
0.0017	-5	-1	7	854	883	945
0.0018	-5	7	-1	854	883	945
0.0019	-2	4	-2	854	883	945
0.002	-2	4	-2	854	883	945
0.0021	-8	-2	10	854	883	945
0.0022	-6	2	4	854	883	945
0.0023	-1	3	-1	854	883	945
0.0024	-11	1	11	854	883	945
0.0025	-6	0	6	854	883	945
0.0026	-4	6	0	854	883	945
0.0027	-7	-1	9	854	883	945
0.0028	-4	0	4	854	883	945
0.0029	-1	3	-1	854	883	945
0.003	-8	0	8	854	883	945
0.0031	-4	2	4	854	883	945
0.0032	1	1	-1	854	883	945
0.0033	-2	-2	4	854	883	945
0.0034	-9	1	9	854	883	945
0.0035	-2	2	2	854	883	945
0.0036	-7	-3	11	854	883	945
0.0037	-4	0	4	854	883	945
0.0038	-2	4	0	854	883	945
0.0039	-3	-3	7	854	883	945
0.004	-6	2	4	854	883	945
0.0041	-2	4	0	854	883	945
0.0042	-5	1	5	854	883	945
0.0043	-4	4	2	854	883	945
0.0044	-2	4	0	854	883	945
0.0045	-2	-2	4	854	883	945
0.0046	-11	-1	13	854	883	945
0.0047	-2	2	0	854	883	945
0.0048	-8	-2	10	854	883	945
0.0049	-4	2	4	854	883	945
0.005	0	4	-2	854	883	945
0.0051	-6	-4	10	854	883	945
0.0052	-5	1	5	854	883	945
0.0053	-4	6	-2	854	883	945
0.0054	-2	-2	4	854	883	945
0.0055	-4	2	2	854	883	945
0.0056	-4	2	2	854	883	945
0.0057	-8	-2	10	854	883	945
0.0058	-6	2	6	854	883	945
0.0059	0	4	-2	854	883	945
0.006	-4	4	2	854	883	945
0.0061	-9	3	7	854	883	945
0.0062	0	2	-2	854	883	945
0.0063	-1	3	-1	854	883	945
0.0064	-8	4	4	854	883	945
0.0065	-4	0	6	854	883	945
0.0066	-8	0	10	854	883	945
0.0067	-4	0	6	854	883	945
0.0068	-1	3	-1	854	883	945
0.0069	-9	1	9	854	883	945
0.007	-2	4	-2	854	883	945
0.0071	-2	0	2	854	883	945
0.0072	-6	-2	10	854	883	945
0.0073	-4	0	6	854	883	945
0.0074	0	4	-2	854	883	945
0.0075	-5	-3	9	854	883	945
0.0076	-4	2	4	854	883	945
0.0077	2	2	-4	854	883	945
0.0078	-8	-2	10	854	883	945
0.0079	-8	0	10	854	883	945
0.008	-9	-1	11	854	883	945
0.0081	-9	1	9	854	883	945
0.0082	-6	2	6	854	883	945
0.0083	-6	2	4	854	883	945
0.0084	-8	0	10	854	883	945
0.0085	-1	5	-3	854	883	945
0.0086	-6	2	4	854	883	945
0.0087	-8	0	8	854	883	945
0.0088	-6	2	6	854	883	945
0.0089	-10	2	10	854	883	945
0.009	-10	2	10	854	883	945
0.0091	-6	2	6	854	883	945
0.0092	0	4	-2	854	883	945
0.0093	-8	0	10	854	883	945
0.0094	-4	4	2	854	883	945
0.0095	0	6	-4	854	883	945
0.0096	-7	1	7	854	883	945
0.0097	-5	-1	7	854	883	945
0.0098	0	4	-2	854	883	945
0.0099	-6	6	2	854	883	945
0.01	-8	2	6	854	883	945
0.0101	-4	2	2	854	883	945
0.0102	-8	-2	12	854	883	945
0.0103	-3	-1	5	854	883	945
0.0104	-9	-1	11	854	883	945
0.0105	-6	0	6	854	883	945
0.0106	-4	4	2	854	883	945
0.0107	-2	0	4	854	883	945
0.0108	-5	1	5	854	883	945
0.0109	-3	3	1	854	883	945
0.011	-21	-9	31	854	883	945
0.0111	-9	-1	11	854	883	945
0.0112	-4	4	2	854	883	945
0.0113	-4	6	-2	854	883	945
0.0114	-6	6	2	854	883	945
0.0115	-8	2	6	854	883	945
0.0116	-2	0	2	854	883	945
0.0117	-6	-2	8	854	883	945
0.0118	-8	4	4	854	883	945
0.0119	0	4	-2	854	883	945
0.012	-5	5	1	854	883	945
0.0121	-9	3	7	854	883	945
0.0122	-4	2	4	854	883	945
0.0123	-3	3	1	854	883	945
0.0124	-4	4	0	854	883	945
0.0125	-6	6	0	854	883	945
0.0126	-6	0	6	854	883	945
0.0127	-6	0	6	854	883	945
0.0128	-3	5	-1	854	883	945
0.0129	-2	0	4	854	883	945
0.013	-6	2	6	854	883	945
0.0131	0	4	-2	854	883	945
0.0132	-8	0	10	854	883	945
0.0133	-6	2	6	854	883	945
0.0134	-8	-2	10	854	883	945
0.0135	-6	-2	8	854	883	945
0.0136	-8	4	4	854	883	945
0.0137	-1	5	-3	854	883	945
0.0138	-10	2	10	854	883	945
0.0139	-9	-1	11	854	883	945
0.014	-5	5	1	854	883	945
0.0141	-5	1	5	854	883	945
0.0142	-7	3	5	854	883	945
0.0143	-3	3	1	854	883	945
0.0144	-8	-2	10	854	883	945
0.0145	-1	1	1	854	883	945
0.0146	-3	5	-1	854	883	945
0.0147	-6	-2	8	854	883	945
0.0148	-7	1	7	854	883	945
0.0149	-3	1	3	854	883	945
0.015	-8	0	10	854	883	945
0.0151	-12	0	12	854	883	945
0.0152	-4	2	2	854	883	945
0.0153	-2	0	4	854	883	945
0.0154	0	-2	4	854	883	945
0.0155	-1	7	-5	854	883	945
0.0156	-8	0	8	854	883	945
0.0157	-8	2	6	854	883	945
0.0158	-4	2	2	854	883	945
0.0159	-4	2	4	854	883	945
0.016	-5	1	5	854	883	945
0.0161	1	3	-3	854	883	945
0.0162	-8	0	10	854	883	945
0.0163	-3	-1	5	854	883	945
0.0164	-8	2	8	854	883	945
0.0165	-8	0	10	854	883	945
0.0166	-5	1	5	854	883	945
0.0167	0	6	-4	854	883	945
0.0168	0	2	0	854	883	945
0.0169	-9	3	7	854	883	945
0.017	-4	2	2	854	883	945
0.0171	-7	-1	9	854	883	945
0.0172	-5	1	5	854	883	945
0.0173	-2	2	0	854	883	945
0.0174	-8	0	8	854	883	945
0.0175	-12	2	10	854	883	945
0.0176	0	2	-2	854	883	945
0.0177	-8	0	10	854	883	945
0.0178	-4	4	2	854	883	945
0.0179	-2	0	4	854	883	945
0.018	-5	-3	9	854	883	945
0.0181	-6	2	4	854	883	945
0.0182	-7	3	5	854	883	945
0.0183	-6	0	8	854	883	945
0.0184	-12	2	10	854	883	945
0.0185	-2	2	2	854	883	945
0.0186	-4	0	4	854	883	945
0.0187	-6	0	6	854	883	945
0.0188	-1	1	1	854	883	945
0.0189	-8	0	10	854	883	945
0.019	-2	0	4	854	883	945
0.0191	-4	4	0	854	883	945
0.0192	0	-2	4	854	883	945
0.0193	-7	1	7	854	883	945
0.0194	-1	3	-1	854	883	945
0.0195	-10	0	10	854	883	945
0.0196	-6	2	6	854	883	945
0.0197	-4	2	2	854	883	945
0.0198	-8	-2	12	854	883	945
0.0199	-12	4	8	854	883	945
0.02	-5	5	1	854	883	945
0.0201	-6	0	8	854	883	945
0.0202	-12	0	14	854	883	945
0.0203	-2	4	0	854	883	945
0.0204	-5	-3	9	854	883	945
0.0205	-4	2	4	854	883	945
0.0206	-2	0	4	854	883	945
0.0207	-8	2	8	854	883	945
0.0208	-6	4	4	854	883	945
0.0209	-1	3	-1	854	883	945
0.021	-1	-3	5	854	883	945
0.0211	-4	0	6	854	883	945
0.0212	-3	3	1	854	883	945
0.0213	-4	-4	8	854	883	945
0.0214	-4	0	6	854	883	945
0.0215	-1	3	-1	854	883	945
0.0216	-5	-5	11	854	883	945
0.0217	-4	2	2	854	883	945
0.0218	-2	4	0	854	883	945
0.0219	-7	-3	11	854	883	945
0.022	-8	2	8	854	883	945
0.0221	-2	4	0	854	883	945
0.0222	-6	-4	12	854	883	945
0.0223	-6	0	6	854	883	945
0.0224	-2	2	2	854	883	945
0.0225	-8	0	10	854	883	945
0.0226	-4	0	6	854	883	945
0.0227	-5	7	-1	854	883	945
0.0228	-10	0	12	854	883	945
0.0229	-4	-2	6	854	883	945
0.023	-2	2	0	854	883	945
0.0231	-4	-2	8	854	883	945
0.0232	-10	2	8	854	883	945
0.0233	-5	3	3	854	883	945
0.0234	-8	-2	10	854	883	945
0.0235	-6	0	6	854	883	945
0.0236	-1	3	-1	854	883	945
0.0237	-2	4	-2	854	883	945
0.0238	-8	-2	10	854	883	945
0.0239	1	3	-3	854	883	945
0.024	0	-2	4	854	883	945
0.0241	-6	2	4	854	883	945
0.0242	-12	2	10	854	883	945
0.0243	-4	6	0	854	883	945
0.0244	-7	3	5	854	883	945
0.0245	-1	3	-1	854	883	945
0.0246	-7	-1	9	854	883	945
0.0247	-5	1	5	854	883	945
0.0248	-2	-2	4	854	883	945
0.0249	-7	-3	11	854	883	945
0.025	-6	6	0	854	883	945
0.0251	-3	3	1	854	883	945
0.0252	-1	-1	3	854	883	945
0.0253	-1	-1	3	854	883	945
0.0254	-4	6	0	854	883	945
0.0255	-9	-1	11	854	883	945
0.0256	-8	4	4	854	883	945
0.0257	-1	1	1	854	883	945
0.0258	2	0	-2	854	883	945
0.0259	-6	4	4	854	883	945
0.026	-3	3	1	854	883	945
0.0261	-8	0	10	854	883	945
0.0262	-6	2	6	854	883	945
0.0263	-1	3	-1	854	883	945
0.0264	-6	-2	8	854	883	945
0.0265	-6	4	4	854	883	945
0.0266	-2	4	0	854	883	945
0.0267	-10	4	8	854	883	945
0.0268	-2	-2	6	854	883	945
0.0269	-6	4	4	854	883	945
0.027	-4	-2	8	854	883	945
0.0271	-5	1	5	854	883	945
0.0272	-5	3	3	854	883	945
0.0273	-2	0	2	854	883	945
0.0274	-8	4	6	854	883	945
0.0275	-3	1	3	854	883	945
0.0276	-8	0	10	854	883	945
0.0277	1	3	-3	854	883	945
0.0278	-4	0	4	854	883	945
0.0279	-4	0	6	854	883	945
0.028	-6	2	4	854	883	945
0.0281	-1	3	-1	854	883	945
0.0282	-4	2	2	854	883	945
0.0283	-6	2	4	854	883	945
0.0284	-1	5	-3	854	883	945
0.0285	-9	-1	11	854	883	945
0.0286	-6	2	4	854	883	945
0.0287	-2	2	2	854	883	945
0.0288	-4	8	-2	854	883	945
0.0289	-9	3	7	854	883	945
0.029	-3	1	3	854	883	945
0.0291	-13	5	9	854	883	945
0.0292	-8	0	10	854	883	945
0.0293	-6	6	2	854	883	945
0.0294	-9	3	7	854	883	945
0.0295	-9	-1	11	854	883	945
0.0296	-5	1	5	854	883	945
0.0297	-7	-1	9	854	883	945
0.0298	-6	2	4	854	883	945
0.0299	-5	5	1	854	883	945
0.03	-4	0	6	854	883	945
0.0301	-6	0	8	854	883	945
0.0302	-2	4	0	854	883	945
0.0303	-2	-2	4	854	883	945
0.0304	-5	1	5	854	883	945
0.0305	-2	4	0	854	883	945
0.0306	-3	-1	5	854	883	945
0.0307	-6	0	6	854	883	945
0.0308	-3	3	1	854	883	945
0.0309	-7	-3	11	854	883	945
0.031	-5	1	5	854	883	945
0.0311	-2	6	-4	854	883	945
0.0312	0	-2	4	854	883	945
0.0313	-8	2	6	854	883	945
0.0314	-2	4	0	854	883	945
0.0315	-3	-3	7	854	883	945
0.0316	-6	2	4	854	883	945
0.0317	-2	2	0	854	883	945
0.0318	-6	-4	10	854	883	945
0.0319	-10	0	10	854	883	945
0.032	-2	4	0	854	883	945
0.0321	-8	-2	10	854	883	945
0.0322	-10	0	12	854	883	945
0.0323	-2	2	0	854	883	945
0.0324	-8	2	6	854	883	945
0.0325	-4	0	4	854	883	945
0.0326	0	2	0	854	883	945
0.0327	-4	-6	12	854	883	945
0.0328	-6	2	6	854	883	945
0.0329	-1	3	-1	854	883	945
0.033	-8	0	8	854	883	945
0.0331	-7	-1	9	854	883	945
0.0332	-2	6	-2	854	883	945
